-1  10  15  15
 0.001068915  0  6  3  A
 0.026638964  0  5  3  A
 0.166165523  0  5  3  a
 0.001531247  5  4  4  F
 0.013031554  5  5  4  F
 0.192358537  5  5  4  f
 0.001924433  9  9  4  J
 0.022565727  9  8  4  J
 0.070963394  9  8  3  J
 0.211658282  9  8  3  j
 0.001873951  8  8  0  I
 0.022399254  8  8  1  I
 0.064593666  8  8  2  I
 0.222179722  8  8  2  i
 0.001507019  4  3  9  E
 0.051470887  4  3  10  E
 0.073036437  4  4  10  E
 0.087649452  4  3  10  E
 0.111704000  4  3  9  E
 0.149262761  4  2  9  E
 0.303849954  4  2  9  e
 0.001389920  2  2  9  C
 0.049678784  2  2  10  C
 0.094358924  2  2  11  C
 0.128687411  2  3  11  C
 0.158252949  2  3  10  C
 0.190891370  2  3  9  C
 0.382611272  2  3  9  c
 0.001653206  6  5  7  G
 0.028938185  6  6  7  G
 0.046526099  6  6  8  G
 0.059382227  6  6  9  G
 0.077033712  6  5  9  G
 0.106982268  6  5  8  G
 0.117570332  6  6  8  G
 0.159400024  6  5  8  G
 0.180242524  6  4  8  G
 0.218890849  6  3  8  G
 0.239168513  6  4  8  G
 0.268600025  6  3  8  G
 0.316304977  6  4  8  G
 0.338225310  6  5  8  G
 0.379355972  6  4  8  G
 0.393674778  6  4  7  G
 0.416528166  6  4  8  G
 0.436836926  6  4  9  G
 0.477509477  6  4  10  G
 0.503614596  6  3  10  G
 0.656565725  6  3  10  g
 0.001212215  1  0  5  B
 0.046935953  1  1  5  B
 0.065899537  1  1  4  B
 0.091905731  1  1  5  B
 0.122714472  1  1  6  B
 0.167867281  1  2  6  B
 0.210801506  1  2  7  B
 0.246289933  1  1  7  B
 0.261401998  1  0  7  B
 0.285290059  1  0  8  B
 0.299119000  1  1  8  B
 0.309704063  1  1  7  B
 0.354026272  1  1  8  B
 0.387017771  1  2  8  B
 0.404184861  1  3  8  B
 0.437325867  1  3  7  B
 0.459363436  1  4  7  B
 0.480451809  1  5  7  B
 0.515842937  1  6  7  B
 0.557291503  1  7  7  B
 0.569995945  1  8  7  B
 0.580530991  1  8  6  B
 0.614582195  1  8  5  B
 0.674188230  1  8  4  B
 0.711979787  1  9  4  B
 0.725733407  1  9  5  B
 0.752318592  1  10  5  B
 0.799559407  1  10  6  B
 0.848089634  1  11  6  B
 0.910352265  1  10  6  B
 0.928177049  1  11  6  B
 0.971328258  1  12  6  B
 0.988902847  1  12  5  B
 1.030961438  1  12  6  B
 1.055346223  1  12  7  B
 1.069394885  1  13  7  B
 1.093359955  1  12  7  B
 1.115996554  1  11  7  B
 0.001444124  3  14  1  D
 0.043307833  3  0  1  D
 0.088324001  3  0  0  D
 0.114250272  3  0  1  D
 0.156759179  3  14  1  D
 0.188220165  3  14  2  D
 0.220169902  3  14  3  D
 0.234221423  3  13  3  D
 0.255548026  3  14  3  D
 0.296146432  3  13  3  D
 0.319967465  3  12  3  D
 0.359121260  3  11  3  D
 0.377623138  3  10  3  D
 0.422848033  3  10  4  D
 0.461796842  3  9  4  D
 0.473350275  3  9  5  D
 0.522256848  3  9  4  D
 0.549151112  3  8  4  D
 0.583134047  3  7  4  D
 0.610178100  3  8  4  D
 0.636397069  3  9  4  D
 0.671977201  3  9  5  D
 0.702222731  3  10  5  D
 0.724369226  3  10  6  D
 0.755233291  3  9  6  D
 0.777136110  3  9  5  D
 0.802499460  3  10  5  D
 0.890836341  3  10  6  D
 0.907848586  3  10  5  D
 0.946877159  3  10  4  D
 0.991132464  3  10  3  D
 1.020655552  3  10  2  D
 1.053629028  3  11  2  D
 1.068194702  3  12  2  D
 1.089585854  3  13  2  D
 1.114330555  3  14  2  D
 1.162554778  3  0  2  D
 1.212546271  3  0  3  D
 1.249134251  3  0  4  D
 1.289107263  3  0  5  D
 1.313662997  3  0  6  D
 1.324616676  3  14  6  D
 1.371940339  3  14  5  D
 1.397756119  3  14  4  D
 1.415398625  3  14  5  D
 1.465398965  3  0  5  D
 1.629462338  3  0  5  d
 0.001759504  7  2  1  H
 0.036452315  7  2  0  H
 0.076223968  7  2  14  H
 0.094356979  7  2  13  H
 0.124355771  7  2  12  H
 0.164251027  7  1  12  H
 0.188682262  7  1  11  H
 0.204807821  7  1  12  H
 0.231354517  7  0  12  H
 0.272430579  7  1  12  H
 0.284314862  7  1  11  H
 0.328233765  7  0  11  H
 0.370117999  7  0  10  H
 0.411629098  7  0  11  H
 0.427091843  7  0  10  H
 0.474640865  7  1  10  H
 0.512190258  7  0  10  H
 0.552516176  7  0  11  H
 0.587559762  7  1  11  H
 0.618949902  7  2  11  H
 0.649123142  7  2  12  H
 0.667153721  7  3  12  H
 0.715249279  7  3  13  H
 0.761203468  7  3  14  H
 0.800510281  7  3  0  H
 0.810905046  7  3  14  H
 0.821994589  7  2  14  H
 0.850389593  7  3  14  H
 0.880609664  7  3  0  H
 0.892939258  7  4  0  H
 0.913488663  7  3  0  H
 0.927657643  7  4  0  H
 0.957488618  7  3  0  H
 0.982228347  7  3  14  H
 0.994118604  7  2  14  H
 1.011115446  7  2  0  H
 1.042508468  7  1  0  H
 1.088204444  7  0  0  H
 1.109437181  7  14  0  H
 1.143150910  7  14  1  H
 1.176568743  7  14  2  H
 1.214969652  7  14  3  H
 1.243163263  7  14  4  H
 1.323285334  7  0  4  H
 1.338627563  7  0  5  H
 1.378898294  7  0  6  H
 1.402139088  7  0  5  H
 1.423840430  7  0  4  H
 1.443872369  7  14  4  H
 1.491988904  7  14  5  H
 1.638873826  7  14  5  h
