-1  10  15  15
 0.001780510  7  3  8  H
 0.022182515  7  2  8  H
 0.034633653  7  2  9  H
 0.060542123  7  2  8  H
 0.109937397  7  2  7  H
 0.247146751  7  2  7  h
 0.001844712  8  1  8  I
 0.118891416  8  2  8  I
 0.258436992  8  2  8  i
 0.001888904  9  0  9  J
 0.019266917  9  0  8  J
 0.062574559  9  14  8  J
 0.088274543  9  13  8  J
 0.107654882  9  13  9  J
 0.132377236  9  14  9  J
 0.162333056  9  0  9  J
 0.292071699  9  0  9  j
 0.001538632  2  13  10  C
 0.023696004  2  14  10  C
 0.066923078  2  14  11  C
 0.109722191  2  0  11  C
 0.150996009  2  0  10  C
 0.303933330  2  0  10  c
 0.001368665  0  5  3  A
 0.015775991  0  6  3  A
 0.032055285  0  6  4  A
 0.064070064  0  6  3  A
 0.084441639  0  7  3  A
 0.134634730  0  8  3  A
 0.166326189  0  8  4  A
 0.211234115  0  7  4  A
 0.257001222  0  6  4  A
 0.303942000  0  7  4  A
 0.353790968  0  7  5  A
 0.401820053  0  7  4  A
 0.416673939  0  8  4  A
 0.451805754  0  8  3  A
 0.491998316  0  8  4  A
 0.538749761  0  8  5  A
 0.559087639  0  8  4  A
 0.577174252  0  8  5  A
 0.616985163  0  9  5  A
 0.634115619  0  9  4  A
 0.664173168  0  10  4  A
 0.682784331  0  9  4  A
 0.719080462  0  9  5  A
 0.729827445  0  9  4  A
 0.771452337  0  8  4  A
 0.816814159  0  9  4  A
 0.862721704  0  9  3  A
 0.874176468  0  9  4  A
 0.911362507  0  9  5  A
 0.935773628  0  9  6  A
 0.982126991  0  8  6  A
 0.998624113  0  7  6  A
 1.039834049  0  6  6  A
 1.053017671  0  6  5  A
 1.094541415  0  6  6  A
 1.241289228  0  6  6  a
 0.001592973  3  11  14  D
 0.031993488  3  11  13  D
 0.078840549  3  12  13  D
 0.128684337  3  12  14  D
 0.147175108  3  13  14  D
 0.196272009  3  14  14  D
 0.228269736  3  14  0  D
 0.240377935  3  14  14  D
 0.279990991  3  0  14  D
 0.292229407  3  14  14  D
 0.317005374  3  0  14  D
 0.346562362  3  0  0  D
 0.357608256  3  1  0  D
 0.368825391  3  0  0  D
 0.411107682  3  0  1  D
 0.445266857  3  1  1  D
 0.466420915  3  1  0  D
 0.490655172  3  1  14  D
 0.502733893  3  1  13  D
 0.535439041  3  1  14  D
 0.571651601  3  0  14  D
 0.600923321  3  0  13  D
 0.639518528  3  1  13  D
 0.686072520  3  1  12  D
 0.712222531  3  1  13  D
 0.753651671  3  2  13  D
 0.775785913  3  2  12  D
 0.804266637  3  1  12  D
 0.837519652  3  2  12  D
 0.881907303  3  2  11  D
 0.931952347  3  2  10  D
 0.946266334  3  2  11  D
 0.996417716  3  2  12  D
 1.015438582  3  3  12  D
 1.050253006  3  4  12  D
 1.067922937  3  5  12  D
 1.116178536  3  4  12  D
 1.148688977  3  3  12  D
 1.194164531  3  3  11  D
 1.241842009  3  2  11  D
 1.265491943  3  3  11  D
 0.001681365  5  9  12  F
 0.021262582  5  9  13  F
 0.033170584  5  9  14  F
 0.044010414  5  9  13  F
 0.061323019  5  10  13  F
 0.078476368  5  10  14  F
 0.092481014  5  10  0  F
 0.117680922  5  9  0  F
 0.142905734  5  9  1  F
 0.156716461  5  9  2  F
 0.202676385  5  8  2  F
 0.229483175  5  8  3  F
 0.241744586  5  8  2  F
 0.282869217  5  8  1  F
 0.301094015  5  7  1  F
 0.320405505  5  7  2  F
 0.348808226  5  7  1  F
 0.361181625  5  8  1  F
 0.387238116  5  7  1  F
 0.421297895  5  7  0  F
 0.456808329  5  6  0  F
 0.475373685  5  6  1  F
 0.505339382  5  6  2  F
 0.548627313  5  6  3  F
 0.597901786  5  5  3  F
 0.609574050  5  5  4  F
 0.622402405  5  6  4  F
 0.668427191  5  5  4  F
 0.713658519  5  5  3  F
 0.759159691  5  4  3  F
 0.778668950  5  4  4  F
 0.790400769  5  3  4  F
 0.805291636  5  3  5  F
 0.850577416  5  3  4  F
 0.899492210  5  4  4  F
 0.948495657  5  3  4  F
 0.998136646  5  3  5  F
 1.025435766  5  3  6  F
 1.068450886  5  4  6  F
 1.083660155  5  5  6  F
 1.098495384  5  5  5  F
 1.126868825  5  6  5  F
 1.274625710  5  6  5  f
 0.001638441  4  3  1  E
 0.042684088  4  3  0  E
 0.092551752  4  2  0  E
 0.134370920  4  3  0  E
 0.178538019  4  4  0  E
 0.207505065  4  5  0  E
 0.225670653  4  4  0  E
 0.261100627  4  5  0  E
 0.293538967  4  4  0  E
 0.315458789  4  3  0  E
 0.364479743  4  2  0  E
 0.400133122  4  1  0  E
 0.449244804  4  2  0  E
 0.489511879  4  2  1  E
 0.525141035  4  2  2  E
 0.558674157  4  3  2  E
 0.576692900  4  3  3  E
 0.597803321  4  2  3  E
 0.626178683  4  3  3  E
 0.659011640  4  4  3  E
 0.670891378  4  3  3  E
 0.718773916  4  3  2  E
 0.758524897  4  4  2  E
 0.770112760  4  3  2  E
 0.789915077  4  2  2  E
 0.836475045  4  2  1  E
 0.859808808  4  2  0  E
 0.908511180  4  1  0  E
 0.935320947  4  1  14  E
 0.976203837  4  1  13  E
 1.017351208  4  1  12  E
 1.051168473  4  1  11  E
 1.101145212  4  1  12  E
 1.142633808  4  1  13  E
 1.192126018  4  2  13  E
 1.204311391  4  2  12  E
 1.219377075  4  1  12  E
 1.257687614  4  2  12  E
 1.305575487  4  3  12  E
 1.342014705  4  2  12  E
 1.366140283  4  1  12  E
 1.395170461  4  2  12  E
 1.419160001  4  2  11  E
 1.442940074  4  2  10  E
 1.488685659  4  3  10  E
 1.506855180  4  4  10  E
 1.553102916  4  3  10  E
 1.704113673  4  3  10  e
 0.001727218  6  10  5  G
 0.042164874  6  9  5  G
 0.066401008  6  9  6  G
 0.088472402  6  9  7  G
 0.130195422  6  8  7  G
 0.152125965  6  8  8  G
 0.177679340  6  8  9  G
 0.201902382  6  8  10  G
 0.234107037  6  8  11  G
 0.279990038  6  7  11  G
 0.305226458  6  7  12  G
 0.338528359  6  7  13  G
 0.363392289  6  6  13  G
 0.411420062  6  5  13  G
 0.441514630  6  5  14  G
 0.480058962  6  5  13  G
 0.508673797  6  5  14  G
 0.528108430  6  5  13  G
 0.559641976  6  5  14  G
 0.573685272  6  5  0  G
 0.603225010  6  5  1  G
 0.643605122  6  4  1  G
 0.687842366  6  5  1  G
 0.728510109  6  5  2  G
 0.758467929  6  6  2  G
 0.794125170  6  6  3  G
 0.819256591  6  5  3  G
 0.832157627  6  5  4  G
 0.879126501  6  5  3  G
 0.928801117  6  6  3  G
 0.958358794  6  5  3  G
 1.004977191  6  6  3  G
 1.029947505  6  7  3  G
 1.073287189  6  8  3  G
 1.107104750  6  7  3  G
 1.134768970  6  6  3  G
 1.148954839  6  6  4  G
 1.177805390  6  5  4  G
 1.192158607  6  5  5  G
 1.241272094  6  4  5  G
 1.264907350  6  5  5  G
 1.283246576  6  4  5  G
 1.313303188  6  4  4  G
 1.325536558  6  5  4  G
 1.355960319  6  5  5  G
 1.387586415  6  4  5  G
 1.436377545  6  5  5  G
 1.458754302  6  5  6  G
 1.472788452  6  4  6  G
 1.497151634  6  4  7  G
 1.522069219  6  4  6  G
 1.558707793  6  4  7  G
 1.596861246  6  3  7  G
 1.744201938  6  3  7  g
 0.001473854  1  14  12  B
 0.047183450  1  13  12  B
 0.083136300  1  14  12  B
 0.133004427  1  14  11  B
 0.181927674  1  0  11  B
 0.193981426  1  0  12  B
 0.236262015  1  0  13  B
 0.265267203  1  14  13  B
 0.293258302  1  13  13  B
 0.326396390  1  12  13  B
 0.358137857  1  12  12  B
 0.390154117  1  12  13  B
 0.437834138  1  13  13  B
 0.456387974  1  13  14  B
 0.499525910  1  12  14  B
 0.520151303  1  11  14  B
 0.563809713  1  12  14  B
 0.608871446  1  11  14  B
 0.641557960  1  11  0  B
 0.679099832  1  10  0  B
 0.706512920  1  9  0  B
 0.727399623  1  8  0  B
 0.755967134  1  8  14  B
 0.794474485  1  8  13  B
 0.819653822  1  9  13  B
 0.844839990  1  8  13  B
 0.872583284  1  8  12  B
 0.919947674  1  8  11  B
 0.943933797  1  8  12  B
 0.979935836  1  9  12  B
 0.994621091  1  10  12  B
 1.006577625  1  10  13  B
 1.046910425  1  9  13  B
 1.057592352  1  8  13  B
 1.105817054  1  9  13  B
 1.128319231  1  8  13  B
 1.163861933  1  8  14  B
 1.203123182  1  9  14  B
 1.218224613  1  9  13  B
 1.263683283  1  9  14  B
 1.291899088  1  9  0  B
 1.313478568  1  9  14  B
 1.359242201  1  9  13  B
 1.407483981  1  9  14  B
 1.443673530  1  9  0  B
 1.475454529  1  9  1  B
 1.519645461  1  10  1  B
 1.551488074  1  11  1  B
 1.576973995  1  12  1  B
 1.606381735  1  12  2  B
 1.617553499  1  12  1  B
 1.652794643  1  13  1  B
 1.702381472  1  14  1  B
 1.724850436  1  13  1  B
 1.745509506  1  14  1  B
 1.785183678  1  14  0  B
 1.807121840  1  0  0  B
 1.838982706  1  0  1  B
 1.873281711  1  0  0  B
 1.897978961  1  14  0  B
 1.938320294  1  14  14  B
