-1 15 15 15
0.000408695 7 13 13 H
0.028741432 7 14 13 H
0.053848828 7 14 12 H
0.081457846 7 14 11 H
0.110947520 7 14 12 H
0.153718898 7 14 13 H
0.199027255 7 13 13 H
0.233484678 7 14 13 H
0.279475675 7 0 13 H
0.327187734 7 0 14 H
0.341764769 7 1 14 H
0.000431379 10 0 5 K
0.023417803 10 14 5 K
0.049896189 10 13 5 K
0.082598698 10 13 4 K
0.127270121 10 13 5 K
0.146792614 10 14 5 K
0.196828505 10 14 4 K
0.227920247 10 13 4 K
0.276943471 10 13 3 K
0.287118098 10 13 4 K
0.322385885 10 14 4 K
0.359222614 10 13 4 K
0.384735138 10 14 4 K
0.406795132 10 14 5 K
0.426741814 10 13 5 K
0.456532514 10 13 6 K
0.471383537 10 13 7 K
0.509471839 10 13 8 K
0.551343281 10 12 8 K
0.588737440 10 11 8 K
0.000462751 8 4 10 I
0.032314223 8 3 10 I
0.056754138 8 4 10 I
0.102620591 8 4 9 I
0.114583263 8 4 10 I
0.134030166 8 5 10 I
0.159801058 8 5 9 I
0.171556666 8 6 9 I
0.195763403 8 5 9 I
0.233391175 8 6 9 I
0.265539137 8 6 10 I
0.295990429 8 6 9 I
0.321190977 8 5 9 I
0.363503907 8 4 9 I
0.392405495 8 5 9 I
0.412251776 8 5 8 I
0.443069424 8 6 8 I
0.479581693 8 6 9 I
0.489673544 8 7 9 I
0.505535387 8 6 9 I
0.519486802 8 6 10 I
0.546116701 8 7 10 I
0.561926985 8 8 10 I
0.603031117 8 8 11 I
0.644599381 8 7 11 I
0.675589247 8 6 11 I
0.703958338 8 6 12 I
0.000426611 3 13 13 D
0.041537696 3 13 14 D
0.073508707 3 12 14 D
0.115771232 3 12 13 D
0.153726166 3 12 12 D
0.178896943 3 13 12 D
0.191012154 3 13 11 D
0.238781052 3 13 12 D
0.251371121 3 13 11 D
0.278186156 3 13 12 D
0.297281804 3 13 11 D
0.339448701 3 14 11 D
0.372231929 3 14 12 D
0.388539721 3 0 12 D
0.426575501 3 1 12 D
0.454110907 3 1 11 D
0.484853131 3 1 10 D
0.503950873 3 1 9 D
0.526142255 3 2 9 D
0.569648574 3 3 9 D
0.603025909 3 2 9 D
0.614763564 3 2 10 D
0.665342358 3 2 9 D
0.678332824 3 1 9 D
0.711107599 3 1 8 D
0.758574503 3 1 9 D
0.783549512 3 1 10 D
0.822331887 3 2 10 D
0.851179039 3 2 11 D
0.891851678 3 1 11 D
0.905106530 3 1 10 D
0.930157315 3 0 10 D
0.969122631 3 1 10 D
0.988377440 3 0 10 D
1.015632345 3 0 9 D
1.030586447 3 0 10 D
0.000288906 2 0 3 C
0.041533791 2 14 3 C
0.088276709 2 14 2 C
0.130724548 2 14 3 C
0.156538819 2 13 3 C
0.175471536 2 13 4 C
0.202345988 2 14 4 C
0.245938932 2 14 5 C
0.275618014 2 14 6 C
0.286958759 2 14 7 C
0.327191564 2 13 7 C
0.348383054 2 12 7 C
0.395983419 2 12 6 C
0.417772904 2 12 7 C
0.467674563 2 11 7 C
0.498739074 2 12 7 C
0.526466174 2 12 6 C
0.542424914 2 13 6 C
0.559680118 2 13 7 C
0.581390927 2 14 7 C
0.595721559 2 14 8 C
0.614852310 2 14 9 C
0.665179417 2 13 9 C
0.710941893 2 13 8 C
0.738923332 2 13 7 C
0.773693527 2 13 8 C
0.807488879 2 13 7 C
0.818450793 2 12 7 C
0.848570101 2 13 7 C
0.869882337 2 12 7 C
0.917667207 2 12 6 C
0.959152932 2 12 5 C
0.977777691 2 12 4 C
1.015463184 2 12 3 C
1.036768640 2 12 4 C
1.075602672 2 12 5 C
0.000324490 0 11 3 A
0.033552524 0 11 4 A
0.055443360 0 12 4 A
0.094027794 0 13 4 A
0.144522435 0 14 4 A
0.164438147 0 13 4 A
0.210084820 0 12 4 A
0.250181674 0 13 4 A
0.298628144 0 14 4 A
0.328373969 0 14 3 A
0.348717819 0 14 2 A
0.393531057 0 0 2 A
0.422675753 0 14 2 A
0.450767090 0 14 1 A
0.487387552 0 0 1 A
0.532853702 0 0 2 A
0.582719967 0 14 2 A
0.627228061 0 13 2 A
0.647231994 0 12 2 A
0.696215159 0 12 3 A
0.710934556 0 11 3 A
0.736452903 0 11 2 A
0.759718022 0 11 3 A
0.802914011 0 11 4 A
0.842741503 0 12 4 A
0.880727789 0 13 4 A
0.899557110 0 13 5 A
0.912859300 0 14 5 A
0.941123457 0 13 5 A
0.964295723 0 13 6 A
0.983415225 0 13 7 A
1.011751313 0 12 7 A
1.035228223 0 12 6 A
1.049138431 0 11 6 A
1.098849855 0 11 5 A
1.134234947 0 11 6 A
1.167185546 0 11 7 A
0.000227090 14 0 6 O
0.025544494 14 0 5 O
0.044124940 14 1 5 O
0.089604636 14 0 5 O
0.136615857 14 0 6 O
0.182574616 14 14 6 O
0.226618005 14 14 7 O
0.240043311 14 14 6 O
0.279550524 14 14 5 O
0.315521354 14 14 6 O
0.352438058 14 14 5 O
0.372457265 14 14 6 O
0.422668273 14 0 6 O
0.462758028 14 0 7 O
0.476986172 14 0 8 O
0.505542450 14 1 8 O
0.516711980 14 1 7 O
0.545957605 14 1 8 O
0.560799950 14 2 8 O
0.602914045 14 1 8 O
0.635221411 14 0 8 O
0.680848416 14 0 7 O
0.714690391 14 0 8 O
0.749317637 14 0 9 O
0.773621654 14 14 9 O
0.814811846 14 0 9 O
0.831172948 14 1 9 O
0.867112391 14 0 9 O
0.900705088 14 14 9 O
0.941288164 14 14 8 O
0.956574025 14 0 8 O
0.994139635 14 0 7 O
1.044527366 14 1 7 O
1.064847330 14 1 8 O
1.111496077 14 2 8 O
1.160830980 14 1 8 O
1.200037709 14 2 8 O
1.213579650 14 2 7 O
1.240585606 14 3 7 O
0.000370787 5 11 4 F
0.032250134 5 10 4 F
0.046547327 5 11 4 F
0.088521220 5 11 5 F
0.136461580 5 10 5 F
0.172830548 5 11 5 F
0.210005046 5 11 4 F
0.225345950 5 11 3 F
0.258490704 5 11 4 F
0.306639096 5 12 4 F
0.325835377 5 12 5 F
0.341961973 5 11 5 F
0.386974045 5 11 4 F
0.406958182 5 10 4 F
0.437933756 5 9 4 F
0.465420701 5 9 5 F
0.509640857 5 8 5 F
0.558571727 5 9 5 F
0.598455839 5 10 5 F
0.622516459 5 9 5 F
0.667509753 5 9 6 F
0.716957381 5 9 5 F
0.751582751 5 8 5 F
0.766180933 5 8 4 F
0.812517209 5 7 4 F
0.853865295 5 7 5 F
0.869713047 5 6 5 F
0.884984820 5 6 6 F
0.927834014 5 5 6 F
0.943480953 5 5 5 F
0.969290071 5 6 5 F
0.984772597 5 5 5 F
1.004867834 5 5 4 F
1.021800185 5 6 4 F
1.059394302 5 5 4 F
1.081752327 5 5 5 F
1.117165020 5 5 6 F
1.164602009 5 4 6 F
1.201487377 5 5 6 F
1.215884290 5 5 7 F
1.233578130 5 5 6 F
1.245982545 5 4 6 F
0.000487921 13 2 11 N
0.013777380 13 2 10 N
0.042766024 13 1 10 N
0.089731594 13 1 9 N
0.136455758 13 0 9 N
0.153892149 13 14 9 N
0.175542376 13 0 9 N
0.192380254 13 0 8 N
0.216684518 13 1 8 N
0.253650816 13 1 7 N
0.279469820 13 1 6 N
0.290559104 13 1 5 N
0.317681895 13 1 4 N
0.356223849 13 2 4 N
0.382522570 13 3 4 N
0.429821902 13 2 4 N
0.477155992 13 2 5 N
0.511730754 13 3 5 N
0.536728027 13 4 5 N
0.569813526 13 3 5 N
0.601836878 13 3 6 N
0.640623890 13 3 7 N
0.675538490 13 3 8 N
0.694636416 13 4 8 N
0.714699842 13 4 7 N
0.752720080 13 4 6 N
0.769538446 13 5 6 N
0.800311454 13 4 6 N
0.825630921 13 4 7 N
0.852421727 13 3 7 N
0.886246514 13 3 8 N
0.900697671 13 3 7 N
0.935544133 13 3 8 N
0.980118594 13 3 9 N
1.027886361 13 3 8 N
1.078126514 13 3 7 N
1.115920125 13 3 6 N
1.140665400 13 3 5 N
1.172332238 13 3 4 N
1.190892447 13 3 3 N
1.219580975 13 3 2 N
1.245975674 13 2 2 N
1.290484241 13 2 3 N
1.312880282 13 2 2 N
1.353122372 13 1 2 N
1.371479072 13 1 3 N
1.412675416 13 1 2 N
1.433300173 13 0 2 N
1.473324727 13 0 1 N
1.508870064 13 0 2 N
1.521692060 13 0 1 N
1.560423824 13 14 1 N
1.600498844 13 14 0 N
1.641420004 13 14 14 N
0.000444047 11 5 8 L
0.023345882 11 5 7 L
0.051154949 11 6 7 L
0.081207845 11 5 7 L
0.120069372 11 4 7 L
0.138029569 11 4 8 L
0.175464160 11 4 7 L
0.216693171 11 4 8 L
0.256994201 11 4 9 L
0.279554440 11 4 10 L
0.304249330 11 5 10 L
0.350934541 11 5 11 L
0.388533681 11 5 10 L
0.420389875 11 5 9 L
0.465587668 11 4 9 L
0.483413666 11 3 9 L
0.509479261 11 4 9 L
0.536734282 11 5 9 L
0.558565270 11 5 10 L
0.606213883 11 5 11 L
0.637684784 11 5 10 L
0.680855938 11 4 10 L
0.691829999 11 5 10 L
0.728579834 11 6 10 L
0.775706539 11 6 9 L
0.800302467 11 6 8 L
0.842902847 11 5 8 L
0.891844852 11 4 8 L
0.935718324 11 3 8 L
0.955423893 11 2 8 L
0.966768278 11 2 9 L
1.015314201 11 1 9 L
1.036494734 11 0 9 L
1.071313234 11 1 9 L
1.094157046 11 0 9 L
1.141796048 11 0 10 L
1.180933618 11 0 9 L
1.193665356 11 0 8 L
1.214559830 11 14 8 L
1.232204715 11 14 9 L
1.267556008 11 14 10 L
1.290331429 11 14 11 L
1.328836449 11 14 12 L
1.345748655 11 14 13 L
1.391047513 11 13 13 L
1.425596704 11 14 13 L
1.468524536 11 14 12 L
1.516514876 11 0 12 L
1.558111962 11 0 11 L
1.582691066 11 14 11 L
1.633777665 11 14 12 L
1.651602229 11 14 11 L
1.688695589 11 14 10 L
1.731323909 11 14 9 L
0.000486795 12 4 8 M
0.046542347 12 5 8 M
0.082498809 12 6 8 M
0.096870391 12 7 8 M
0.113215785 12 6 8 M
0.135435058 12 6 9 M
0.178988454 12 6 10 M
0.205742182 12 7 10 M
0.244586986 12 7 11 M
0.261947058 12 7 10 M
0.290744074 12 7 9 M
0.330820719 12 7 10 M
0.375859280 12 8 10 M
0.412244901 12 9 10 M
0.432486493 12 9 9 M
0.463919769 12 10 9 M
0.497305774 12 11 9 M
0.517868295 12 10 9 M
0.542432094 12 10 8 M
0.573276429 12 9 8 M
0.591312114 12 10 8 M
0.629648036 12 10 7 M
0.674067139 12 11 7 M
0.691823029 12 12 7 M
0.708346602 12 11 7 M
0.757168850 12 10 7 M
0.773452762 12 10 6 M
0.807479643 12 11 6 M
0.853859288 12 10 6 M
0.873181375 12 10 5 M
0.886484598 12 11 5 M
0.899684156 12 11 4 M
0.932723885 12 11 3 M
0.957694748 12 10 3 M
0.985006119 12 10 2 M
1.006246606 12 10 3 M
1.055620256 12 9 3 M
1.067692032 12 8 3 M
1.117322710 12 8 4 M
1.140657363 12 7 4 M
1.187612589 12 6 4 M
1.218332807 12 7 4 M
1.239283737 12 7 3 M
1.261165124 12 6 3 M
1.306460769 12 7 3 M
1.335138065 12 7 2 M
1.376004851 12 8 2 M
1.406925591 12 7 2 M
1.427019701 12 7 3 M
1.441834990 12 7 4 M
1.473698039 12 7 3 M
1.498236776 12 7 2 M
1.537973154 12 7 3 M
1.583823569 12 7 4 M
1.618194619 12 6 4 M
1.638991887 12 6 3 M
1.650474821 12 6 2 M
1.668857680 12 5 2 M
1.698904820 12 4 2 M
1.714611141 12 5 2 M
1.755681052 12 5 3 M
1.795384836 12 5 4 M
1.817125139 12 5 5 M
0.000241420 6 8 14 G
0.032246705 6 7 14 G
0.055451693 6 6 14 G
0.102413312 6 5 14 G
0.116875965 6 5 13 G
0.128507128 6 6 13 G
0.177732633 6 7 13 G
0.195759321 6 7 14 G
0.218971040 6 8 14 G
0.239946286 6 8 0 G
0.259600632 6 8 14 G
0.276949879 6 7 14 G
0.289307073 6 6 14 G
0.321176391 6 7 14 G
0.353598154 6 7 0 G
0.387129519 6 6 0 G
0.416646385 6 6 14 G
0.447393427 6 6 13 G
0.492150123 6 7 13 G
0.514442924 6 7 14 G
0.526305549 6 7 13 G
0.563329482 6 6 13 G
0.586170567 6 6 14 G
0.614857423 6 7 14 G
0.665171595 6 8 14 G
0.679690792 6 7 14 G
0.691911705 6 7 13 G
0.710945408 6 8 13 G
0.724498910 6 7 13 G
0.774585429 6 8 13 G
0.785812879 6 8 14 G
0.822524876 6 9 14 G
0.842735158 6 8 14 G
0.854039555 6 8 13 G
0.886573819 6 8 12 G
0.919290622 6 9 12 G
0.939898409 6 9 11 G
0.969128321 6 10 11 G
0.993985048 6 10 10 G
1.006089437 6 10 11 G
1.051703619 6 11 11 G
1.067549513 6 10 11 G
1.117172813 6 9 11 G
1.131155798 6 9 12 G
1.164609528 6 9 11 G
1.193848917 6 10 11 G
1.223933723 6 10 10 G
1.241770701 6 10 9 G
1.268687111 6 11 9 G
1.303635635 6 11 8 G
1.354372878 6 12 8 G
1.394483270 6 11 8 G
1.408986430 6 11 7 G
1.455942743 6 11 6 G
1.493024498 6 11 7 G
1.509964687 6 10 7 G
1.524581018 6 10 8 G
1.537964427 6 9 8 G
1.563846463 6 8 8 G
1.585387292 6 9 8 G
1.602760404 6 8 8 G
1.628951603 6 7 8 G
1.660820153 6 7 9 G
1.686453627 6 6 9 G
1.728816615 6 7 9 G
1.760001454 6 7 8 G
1.772624072 6 8 8 G
1.811870585 6 8 9 G
1.833037279 6 8 8 G
1.851702934 6 8 7 G
1.877765931 6 8 8 G
1.914553961 6 8 7 G
1.950239725 6 7 7 G
1.971577200 6 6 7 G
0.000378915 1 10 12 B
0.040321204 1 9 12 B
0.057895329 1 8 12 B
0.103525361 1 9 12 B
0.135239397 1 9 13 B
0.167051091 1 10 13 B
0.197931663 1 9 13 B
0.244579141 1 9 12 B
0.272014946 1 9 13 B
0.310087661 1 10 13 B
0.350928455 1 10 12 B
0.401663943 1 10 11 B
0.450771522 1 10 10 B
0.492069582 1 9 10 B
0.506969520 1 9 11 B
0.535578269 1 9 12 B
0.554628211 1 9 11 B
0.596876606 1 9 10 B
0.639395769 1 9 9 B
0.676792156 1 9 8 B
0.687622168 1 10 8 B
0.728746828 1 10 7 B
0.740170388 1 10 6 B
0.783542174 1 11 6 B
0.826787099 1 11 7 B
0.868568278 1 11 6 B
0.917676385 1 10 6 B
0.945728608 1 10 5 B
0.988619667 1 10 4 B
1.026226307 1 11 4 B
1.064841037 1 11 5 B
1.085515554 1 12 5 B
1.131020541 1 13 5 B
1.146392534 1 14 5 B
1.172339744 1 14 4 B
1.213439223 1 14 5 B
1.249695571 1 14 4 B
1.290339769 1 14 3 B
1.306636420 1 14 2 B
1.335301761 1 14 1 B
1.382480928 1 14 2 B
1.417901828 1 14 3 B
1.467227463 1 0 3 B
1.496704928 1 0 2 B
1.523285564 1 14 2 B
1.560597958 1 0 2 B
1.606267153 1 0 1 B
1.623760699 1 1 1 B
1.673606973 1 2 1 B
1.718021676 1 1 1 B
1.755585406 1 1 0 B
1.774935262 1 0 0 B
1.819527647 1 1 0 B
1.842751155 1 1 1 B
1.869514207 1 1 2 B
1.894783473 1 0 2 B
1.943230227 1 14 2 B
1.993154902 1 0 2 B
2.024797736 1 0 1 B
2.046216019 1 14 1 B
2.075952498 1 13 1 B
2.090992713 1 13 0 B
2.106527027 1 12 0 B
2.132010318 1 13 0 B
2.152990847 1 14 0 B
2.187472703 1 13 0 B
2.207584179 1 13 14 B
2.229934657 1 12 14 B
2.262614803 1 11 14 B
2.312874448 1 10 14 B
2.347784254 1 9 14 B
2.358362832 1 9 0 B
2.387642268 1 9 14 B
2.407084431 1 9 13 B
2.456832612 1 8 13 B
2.480785870 1 8 14 B
2.504920049 1 8 13 B
2.552343023 1 9 13 B
2.586690631 1 8 13 B
2.613466381 1 8 14 B
2.638576319 1 9 14 B
2.656890700 1 10 14 B
0.000579829 9 13 13 J
0.036768182 9 13 12 J
0.061206964 9 13 11 J
0.074635123 9 12 11 J
0.114526705 9 12 10 J
0.149047147 9 13 10 J
0.160940814 9 14 10 J
0.202341566 9 0 10 J
0.215524951 9 0 9 J
0.258325196 9 1 9 J
0.296092307 9 0 9 J
0.343074210 9 0 8 J
0.363684497 9 14 8 J
0.405378338 9 0 8 J
0.417778272 9 0 7 J
0.459026371 9 14 7 J
0.491893659 9 14 8 J
0.516884843 9 14 7 J
0.536901342 9 14 6 J
0.554897178 9 13 6 J
0.573108116 9 12 6 J
0.622395315 9 12 5 J
0.635313397 9 11 5 J
0.655808515 9 11 4 J
0.690481293 9 10 4 J
0.725937135 9 10 5 J
0.770672026 9 9 5 J
0.809758573 9 9 4 J
0.843886222 9 10 4 J
0.880721036 9 10 3 J
0.911696481 9 10 2 J
0.950937873 9 10 3 J
0.966886100 9 10 2 J
1.014074708 9 10 3 J
1.045914676 9 9 3 J
1.082892216 9 9 4 J
1.116106090 9 8 4 J
1.130815204 9 9 4 J
1.169662294 9 10 4 J
1.206916880 9 10 5 J
1.248340236 9 10 4 J
1.267562498 9 11 4 J
1.301322739 9 10 4 J
1.321608961 9 9 4 J
1.366600103 9 10 4 J
1.414233398 9 11 4 J
1.455949649 9 11 3 J
1.504582133 9 11 4 J
1.519179227 9 10 4 J
1.539181282 9 10 3 J
1.575439258 9 11 3 J
1.613954604 9 11 2 J
1.657006232 9 12 2 J
1.699023896 9 12 1 J
1.741828104 9 11 1 J
1.784771799 9 11 0 J
1.827814070 9 11 14 J
1.857940584 9 11 13 J
1.872020878 9 11 12 J
1.884983478 9 11 13 J
1.913323219 9 12 13 J
1.944618464 9 11 13 J
1.979567522 9 11 12 J
2.015756952 9 10 12 J
2.039715179 9 9 12 J
2.057949660 9 9 13 J
2.084449512 9 9 12 J
2.133120993 9 8 12 J
2.156519512 9 8 13 J
2.174952138 9 8 14 J
2.218312219 9 9 14 J
2.266988867 9 10 14 J
2.284315534 9 10 13 J
2.317382053 9 11 13 J
2.364027110 9 10 13 J
2.406954635 9 10 12 J
2.432187398 9 10 11 J
2.461328112 9 10 10 J
2.479628115 9 10 11 J
2.509620206 9 11 11 J
2.548622738 9 11 10 J
2.591432457 9 11 9 J
2.632819376 9 11 10 J
2.647644780 9 10 10 J
2.673995925 9 10 9 J
2.710080814 9 10 10 J
2.726201675 9 9 10 J
2.740536838 9 9 9 J
0.000409004 4 10 7 E
0.033625524 4 9 7 E
0.052487340 4 10 7 E
0.067955759 4 10 6 E
0.106664360 4 10 5 E
0.137872782 4 10 4 E
0.161053121 4 9 4 E
0.204568476 4 8 4 E
0.225498285 4 8 5 E
0.260734901 4 8 4 E
0.298820050 4 8 5 E
0.319978691 4 8 4 E
0.341969542 4 8 3 E
0.357704035 4 9 3 E
0.393715766 4 9 4 E
0.432683539 4 8 4 E
0.462544399 4 8 3 E
0.489852263 4 7 3 E
0.508181208 4 6 3 E
0.526460364 4 6 4 E
0.545949002 4 5 4 E
0.582889658 4 5 3 E
0.624703779 4 5 4 E
0.655803447 4 4 4 E
0.687803428 4 5 4 E
0.723195754 4 6 4 E
0.746865700 4 6 3 E
0.770678251 4 7 3 E
0.820731987 4 7 2 E
0.847440068 4 8 2 E
0.879577407 4 8 1 E
0.913947659 4 9 1 E
0.962757873 4 8 1 E
0.997508495 4 9 1 E
1.032937541 4 8 1 E
1.081957731 4 9 1 E
1.116251504 4 9 2 E
1.134227829 4 8 2 E
1.146385283 4 8 3 E
1.192528307 4 9 3 E
1.213746074 4 10 3 E
1.226461870 4 10 4 E
1.268680879 4 11 4 E
1.292823281 4 12 4 E
1.320450544 4 13 4 E
1.362912136 4 14 4 E
1.406745954 4 13 4 E
1.449598941 4 13 5 E
1.484467929 4 12 5 E
1.524574097 4 12 4 E
1.556589036 4 13 4 E
1.589749772 4 13 5 E
1.623596081 4 13 4 E
1.636464518 4 13 5 E
1.647857617 4 14 5 E
1.664496139 4 0 5 E
1.711328853 4 1 5 E
1.725395701 4 1 6 E
1.766733413 4 1 7 E
1.804673509 4 2 7 E
1.849425264 4 3 7 E
1.875535158 4 3 6 E
1.893371634 4 3 7 E
1.933508872 4 3 8 E
1.959896409 4 2 8 E
1.972844843 4 2 7 E
2.022554810 4 1 7 E
2.039570990 4 0 7 E
2.067590366 4 0 8 E
2.099727245 4 1 8 E
2.142782475 4 1 9 E
2.156703383 4 2 9 E
2.194841857 4 1 9 E
2.232645825 4 2 9 E
2.253968145 4 2 10 E
2.273591162 4 2 9 E
2.312880569 4 2 8 E
2.348920127 4 3 8 E
2.392183647 4 3 7 E
2.404577311 4 4 7 E
2.437554316 4 4 8 E
2.485270353 4 5 8 E
2.530980904 4 5 7 E
2.552336568 4 6 7 E
2.596808173 4 6 8 E
2.646462286 4 5 8 E
2.662596535 4 4 8 E
2.675480809 4 4 9 E
2.703779198 4 3 9 E
2.723662700 4 3 10 E
2.742801502 4 2 10 E
2.765099515 4 1 10 E
2.776416659 4 2 10 E
2.815823847 4 3 10 E
2.850124026 4 3 11 E
2.862565122 4 3 10 E
2.911975591 4 3 9 E
