-1 15 15 15
0.000395451 6 8 0 G
0.036075215 6 8 14 G
0.069361068 6 9 14 G
0.101379731 6 9 0 G
0.129894543 6 9 1 G
0.147057245 6 9 2 G
0.195570016 6 10 2 G
0.213862329 6 11 2 G
0.248595489 6 11 3 G
0.293647509 6 12 3 G
0.321449767 6 12 4 G
0.358171711 6 11 4 G
0.376732875 6 10 4 G
0.390715572 6 10 5 G
0.427292379 6 9 5 G
0.439410468 6 10 5 G
0.486663088 6 10 6 G
0.512741639 6 9 6 G
0.553378759 6 10 6 G
0.566066662 6 9 6 G
0.599939267 6 9 5 G
0.632754423 6 10 5 G
0.660431451 6 9 5 G
0.685121316 6 9 4 G
0.712374426 6 10 4 G
0.743205139 6 9 4 G
0.775897035 6 9 3 G
0.800523549 6 10 3 G
0.832457322 6 10 2 G
0.865856825 6 11 2 G
0.000215711 1 4 10 B
0.031273395 1 4 9 B
0.048527610 1 4 10 B
0.062339058 1 4 9 B
0.084240325 1 4 8 B
0.116988519 1 3 8 B
0.145743071 1 4 8 B
0.194331476 1 4 9 B
0.236411335 1 4 10 B
0.276656965 1 4 11 B
0.294964073 1 4 12 B
0.334268810 1 4 13 B
0.368960308 1 3 13 B
0.394975448 1 4 13 B
0.424573616 1 5 13 B
0.446531029 1 4 13 B
0.470494418 1 4 12 B
0.483269354 1 5 12 B
0.526534867 1 5 11 B
0.546314166 1 5 12 B
0.568451021 1 4 12 B
0.603348230 1 4 13 B
0.627686279 1 3 13 B
0.677936661 1 3 12 B
0.724522746 1 2 12 B
0.761521922 1 3 12 B
0.801894877 1 2 12 B
0.851533867 1 2 13 B
0.893413393 1 1 13 B
0.906843870 1 0 13 B
0.929378339 1 0 14 B
0.000417901 11 4 10 L
0.034711510 11 5 10 L
0.077322968 11 6 10 L
0.098733739 11 6 11 L
0.115664337 11 6 12 L
0.150574530 11 5 12 L
0.162671912 11 5 11 L
0.175134407 11 6 11 L
0.213757272 11 6 10 L
0.244889155 11 7 10 L
0.288827777 11 6 10 L
0.325274525 11 6 11 L
0.345234836 11 6 12 L
0.356894343 11 6 13 L
0.373503268 11 6 14 L
0.396039091 11 6 0 L
0.438239231 11 5 0 L
0.470486825 11 5 14 L
0.499135909 11 5 0 L
0.512734865 11 5 1 L
0.550852134 11 5 2 L
0.582297198 11 6 2 L
0.603342942 11 6 3 L
0.615132787 11 6 2 L
0.662820516 11 5 2 L
0.680935951 11 4 2 L
0.705529238 11 5 2 L
0.747138655 11 6 2 L
0.783232449 11 7 2 L
0.827296203 11 7 1 L
0.877505058 11 8 1 L
0.919979519 11 8 0 L
0.952215666 11 9 0 L
0.970760315 11 10 0 L
1.003138725 11 10 14 L
1.027333685 11 9 14 L
0.000483787 7 10 13 H
0.052041670 7 9 13 H
0.084082523 7 10 13 H
0.095650331 7 9 13 H
0.114456778 7 8 13 H
0.149360392 7 8 12 H
0.194322551 7 9 12 H
0.230405567 7 9 13 H
0.249860615 7 8 13 H
0.279282285 7 8 12 H
0.301890958 7 8 11 H
0.317611603 7 8 12 H
0.366443565 7 8 11 H
0.400722082 7 7 11 H
0.419167759 7 6 11 H
0.458979985 7 6 10 H
0.491197409 7 5 10 H
0.503218344 7 5 11 H
0.517189755 7 6 11 H
0.563418509 7 7 11 H
0.577400644 7 7 12 H
0.593186603 7 6 12 H
0.642448283 7 6 13 H
0.675243829 7 7 13 H
0.702954496 7 8 13 H
0.717987547 7 8 14 H
0.767433281 7 7 14 H
0.809258789 7 8 14 H
0.858324631 7 8 13 H
0.877766114 7 7 13 H
0.928223766 7 7 14 H
0.948316788 7 6 14 H
0.965107077 7 5 14 H
0.988494098 7 6 14 H
1.016375782 7 6 0 H
1.048545087 7 5 0 H
1.091671438 7 4 0 H
1.120559664 7 4 1 H
0.000416285 8 14 4 I
0.042570797 8 14 5 I
0.060111159 8 14 6 I
0.098334503 8 14 7 I
0.149367637 8 14 6 I
0.185707872 8 14 7 I
0.198311569 8 13 7 I
0.222307836 8 13 8 I
0.252185214 8 13 7 I
0.279177516 8 13 8 I
0.300607688 8 13 7 I
0.347916940 8 13 8 I
0.364053294 8 14 8 I
0.380082585 8 0 8 I
0.420540037 8 14 8 I
0.441892836 8 14 9 I
0.475284874 8 13 9 I
0.517272672 8 13 10 I
0.565948663 8 13 9 I
0.606645766 8 12 9 I
0.640274412 8 13 9 I
0.665268382 8 14 9 I
0.679377317 8 0 9 I
0.726860854 8 0 8 I
0.743212670 8 0 9 I
0.759088964 8 0 8 I
0.806245758 8 0 9 I
0.851623142 8 0 8 I
0.893303547 8 1 8 I
0.908344569 8 0 8 I
0.931803398 8 0 7 I
0.961515414 8 0 8 I
0.999377479 8 0 9 I
1.038853840 8 14 9 I
1.076159160 8 14 8 I
1.126077887 8 14 9 I
1.154365910 8 14 10 I
1.199707957 8 13 10 I
1.220278825 8 14 10 I
1.264729112 8 13 10 I
1.296781387 8 13 11 I
1.341465334 8 13 12 I
0.000384976 10 2 12 K
0.014859447 10 2 11 K
0.042576033 10 2 12 K
0.091508331 10 2 13 K
0.130981387 10 1 13 K
0.175132097 10 1 14 K
0.205722367 10 1 13 K
0.223609296 10 1 12 K
0.265110506 10 1 11 K
0.288835837 10 2 11 K
0.333100091 10 1 11 K
0.350386283 10 1 12 K
0.390711645 10 2 12 K
0.405689062 10 2 11 K
0.420543158 10 1 11 K
0.441902230 10 1 12 K
0.483185388 10 1 11 K
0.525253177 10 1 10 K
0.543790827 10 1 9 K
0.570622358 10 1 8 K
0.582192162 10 0 8 K
0.628806649 10 0 9 K
0.654380986 10 0 8 K
0.665276829 10 0 7 K
0.690841885 10 0 6 K
0.738332418 10 14 6 K
0.757759286 10 13 6 K
0.801801650 10 12 6 K
0.843314447 10 12 7 K
0.877685331 10 12 6 K
0.891845036 10 11 6 K
0.922422601 10 12 6 K
0.956068414 10 13 6 K
0.985085897 10 14 6 K
1.017646068 10 14 5 K
1.032411394 10 14 4 K
1.074531512 10 13 4 K
1.111399768 10 13 3 K
1.160620859 10 13 2 K
1.205219644 10 12 2 K
1.240398364 10 12 1 K
1.252987125 10 13 1 K
1.266247378 10 13 0 K
1.279569185 10 13 14 K
1.302338588 10 13 0 K
1.333005713 10 14 0 K
1.371964108 10 13 0 K
1.383574166 10 13 1 K
1.415355913 10 13 2 K
1.443575544 10 13 3 K
1.486649980 10 13 4 K
0.000337739 9 9 12 J
0.026359228 9 8 12 J
0.056712641 9 8 11 J
0.092996900 9 9 11 J
0.112283670 9 8 11 J
0.127692645 9 8 10 J
0.142370015 9 8 11 J
0.164066087 9 7 11 J
0.178656209 9 8 11 J
0.201160282 9 8 10 J
0.244795057 9 8 9 J
0.279280238 9 9 9 J
0.294956211 9 10 9 J
0.314153491 9 10 10 J
0.345331727 9 9 10 J
0.367793787 9 10 10 J
0.397259028 9 10 9 J
0.424581740 9 11 9 J
0.448867737 9 11 10 J
0.499221648 9 12 10 J
0.521722366 9 12 9 J
0.546323675 9 12 8 J
0.580894743 9 12 7 J
0.612594838 9 12 8 J
0.657058397 9 11 8 J
0.683557054 9 12 8 J
0.697702609 9 12 9 J
0.728146768 9 11 9 J
0.773241957 9 12 9 J
0.812916448 9 13 9 J
0.845872996 9 14 9 J
0.860586379 9 14 8 J
0.877414871 9 13 8 J
0.921261180 9 13 7 J
0.935310835 9 13 6 J
0.974348600 9 13 7 J
0.996569279 9 13 8 J
1.009918889 9 13 9 J
1.048692203 9 13 10 J
1.070141565 9 13 11 J
1.114191193 9 12 11 J
1.127382559 9 11 11 J
1.156558164 9 11 10 J
1.193276745 9 12 10 J
1.232369234 9 11 10 J
1.255372545 9 10 10 J
1.296785018 9 9 10 J
1.340322211 9 8 10 J
1.368512213 9 9 10 J
1.391575728 9 10 10 J
1.418934171 9 11 10 J
1.437635512 9 12 10 J
1.484100970 9 12 9 J
1.494636156 9 13 9 J
1.515817587 9 13 8 J
1.559406944 9 14 8 J
1.589554177 9 14 9 J
1.624167205 9 13 9 J
1.656053914 9 13 8 J
1.681885424 9 12 8 J
1.714310133 9 12 9 J
1.726918915 9 13 9 J
1.750112071 9 13 10 J
1.782516972 9 14 10 J
1.803311860 9 14 9 J
1.826289143 9 14 10 J
1.858407413 9 14 9 J
1.873950689 9 13 9 J
0.000457644 12 4 3 M
0.026500862 12 4 4 M
0.055384872 12 4 3 M
0.097165238 12 4 4 M
0.127696607 12 5 4 M
0.153262490 12 5 3 M
0.198303317 12 5 4 M
0.217592153 12 4 4 M
0.232740256 12 5 4 M
0.271542206 12 6 4 M
0.286214069 12 7 4 M
0.317710879 12 8 4 M
0.356722852 12 8 3 M
0.372401335 12 8 4 M
0.405594607 12 8 5 M
0.424584543 12 8 6 M
0.435699518 12 7 6 M
0.455824647 12 7 7 M
0.493613848 12 8 7 M
0.527920021 12 7 7 M
0.552225781 12 7 6 M
0.582201061 12 8 6 M
0.630274074 12 9 6 M
0.644693789 12 10 6 M
0.671609356 12 11 6 M
0.692194718 12 10 6 M
0.740708119 12 9 6 M
0.757752214 12 10 6 M
0.792166508 12 10 5 M
0.816700770 12 11 5 M
0.828628963 12 12 5 M
0.859491006 12 11 5 M
0.900234049 12 11 6 M
0.923867541 12 10 6 M
0.954412645 12 11 6 M
0.966294501 12 11 7 M
0.988591079 12 11 6 M
1.027250353 12 11 5 M
1.052220795 12 11 6 M
1.075997747 12 12 6 M
1.104253091 12 13 6 M
1.120450857 12 14 6 M
1.143915438 12 13 6 M
1.190841830 12 13 7 M
1.228637174 12 13 8 M
1.239011469 12 13 7 M
1.252802483 12 13 6 M
1.282212357 12 12 6 M
1.319891709 12 12 5 M
1.357147414 12 11 5 M
1.380098181 12 12 5 M
1.422817520 12 12 4 M
1.442244339 12 11 4 M
1.471299296 12 10 4 M
1.503123653 12 10 3 M
1.514589267 12 11 3 M
1.530665568 12 10 3 M
1.574935954 12 10 4 M
1.625516602 12 11 4 M
1.672552606 12 11 3 M
1.703497760 12 10 3 M
1.722587031 12 10 2 M
1.747324541 12 10 1 M
1.766216728 12 11 1 M
1.811612157 12 10 1 M
1.822907103 12 10 2 M
1.842132909 12 10 1 M
1.870588144 12 10 0 M
1.909374880 12 10 14 M
1.949366881 12 9 14 M
1.989114117 12 10 14 M
2.006438751 12 11 14 M
2.040338445 12 11 13 M
0.000443388 4 8 13 E
0.046263854 4 8 14 E
0.077220553 4 8 0 E
0.092897724 4 8 14 E
0.137496286 4 8 0 E
0.173892735 4 7 0 E
0.216239983 4 7 14 E
0.265214107 4 6 14 E
0.284877001 4 6 13 E
0.315319270 4 6 12 E
0.345227618 4 6 13 E
0.358235683 4 5 13 E
0.399623112 4 6 13 E
0.420532008 4 7 13 E
0.460326408 4 6 13 E
0.484347009 4 6 12 E
0.527927766 4 7 12 E
0.561072128 4 7 13 E
0.607934900 4 7 14 E
0.644776783 4 7 0 E
0.656952375 4 7 14 E
0.669113168 4 7 0 E
0.702946036 4 6 0 E
0.717991077 4 5 0 E
0.764742545 4 6 0 E
0.777340701 4 7 0 E
0.814227485 4 6 0 E
0.844578990 4 6 1 E
0.880269656 4 7 1 E
0.910550806 4 6 1 E
0.952093619 4 6 2 E
0.999283059 4 6 3 E
1.017594564 4 6 4 E
1.031041915 4 6 3 E
1.077286113 4 5 3 E
1.102979670 4 5 2 E
1.149063527 4 5 1 E
1.163504219 4 4 1 E
1.177610353 4 5 1 E
1.211588528 4 5 2 E
1.245058285 4 5 1 E
1.261391243 4 5 0 E
1.296644484 4 5 1 E
1.324786839 4 5 2 E
1.355688793 4 5 3 E
1.401315169 4 6 3 E
1.443722084 4 5 3 E
1.462047013 4 6 3 E
1.501542958 4 6 4 E
1.543717063 4 5 4 E
1.567911407 4 5 3 E
1.604455123 4 5 2 E
1.626620575 4 5 1 E
1.674939109 4 6 1 E
1.706496661 4 6 2 E
1.745093221 4 7 2 E
1.781360603 4 7 3 E
1.827598781 4 7 2 E
1.845641267 4 6 2 E
1.886868988 4 7 2 E
1.910725891 4 6 2 E
1.924996792 4 5 2 E
1.939079673 4 5 1 E
1.973897490 4 6 1 E
1.989420514 4 6 0 E
2.010609937 4 7 0 E
2.060164902 4 7 14 E
2.087279508 4 7 0 E
2.105379728 4 7 1 E
2.118984947 4 7 2 E
2.132345379 4 6 2 E
2.182624658 4 6 1 E
2.219119313 4 6 0 E
2.242183188 4 5 0 E
2.292462106 4 5 14 E
2.314920606 4 5 0 E
2.357305706 4 5 14 E
2.396250081 4 4 14 E
2.425514807 4 3 14 E
2.442203647 4 3 0 E
2.474484681 4 4 0 E
0.000281418 3 8 1 D
0.014863346 3 7 1 D
0.064779314 3 7 0 D
0.094231239 3 6 0 D
0.124420267 3 5 0 D
0.145736076 3 4 0 D
0.175128088 3 5 0 D
0.209308952 3 6 0 D
0.244787538 3 6 14 D
0.276548820 3 6 0 D
0.325489813 3 6 1 D
0.346594855 3 6 2 D
0.363921531 3 5 2 D
0.384266663 3 5 1 D
0.415580837 3 4 1 D
0.457290583 3 3 1 D
0.469129964 3 3 2 D
0.491089054 3 3 3 D
0.534628685 3 4 3 D
0.568344091 3 4 2 D
0.615126028 3 5 2 D
0.650910625 3 4 2 D
0.689652526 3 5 2 D
0.705521100 3 6 2 D
0.738447463 3 5 2 D
0.761424839 3 4 2 D
0.798168752 3 4 1 D
0.843203234 3 3 1 D
0.867238104 3 4 1 D
0.893420036 3 5 1 D
0.908250622 3 5 0 D
0.929484485 3 5 14 D
0.978004926 3 4 14 D
0.996486685 3 5 14 D
1.036207064 3 5 13 D
1.086653982 3 5 14 D
1.116795907 3 5 13 D
1.155471371 3 5 14 D
1.175094687 3 5 0 D
1.205130053 3 4 0 D
1.245221436 3 4 1 D
1.270709473 3 4 2 D
1.302345005 3 3 2 D
1.346380905 3 4 2 D
1.358302435 3 4 3 D
1.401326882 3 4 4 D
1.428372162 3 5 4 D
1.451836501 3 4 4 D
1.479438854 3 3 4 D
1.500198665 3 3 5 D
1.528054263 3 4 5 D
1.572327259 3 5 5 D
1.612519534 3 5 4 D
1.635574297 3 5 3 D
1.657633078 3 6 3 D
1.704991422 3 5 3 D
1.744991828 3 5 4 D
1.759520680 3 5 5 D
1.796583375 3 4 5 D
1.812714956 3 5 5 D
1.823981579 3 5 4 D
1.844464440 3 4 4 D
1.871680140 3 3 4 D
1.904568974 3 3 5 D
1.952690160 3 3 6 D
1.963410084 3 4 6 D
2.006242598 3 4 5 D
2.045911467 3 4 6 D
2.069102893 3 3 6 D
2.080338504 3 3 5 D
2.117421934 3 4 5 D
2.139489946 3 5 5 D
2.175421420 3 4 5 D
2.205524015 3 4 4 D
2.231996769 3 3 4 D
2.281636280 3 3 5 D
2.309146989 3 3 6 D
2.347611079 3 3 7 D
2.388395109 3 3 8 D
2.410061875 3 3 7 D
2.442211780 3 3 8 D
2.491667640 3 2 8 D
2.529436165 3 3 8 D
2.576787314 3 3 7 D
2.597428113 3 3 8 D
2.623587710 3 4 8 D
0.000389889 5 10 2 F
0.033546180 5 10 3 F
0.056823582 5 11 3 F
0.104491691 5 12 3 F
0.138626551 5 12 4 F
0.160433760 5 12 3 F
0.185602197 5 13 3 F
0.230522815 5 13 4 F
0.253502718 5 12 4 F
0.290294642 5 11 4 F
0.339812686 5 12 4 F
0.359439812 5 12 5 F
0.372403082 5 11 5 F
0.422080472 5 11 4 F
0.467645789 5 11 5 F
0.491192364 5 10 5 F
0.502886656 5 9 5 F
0.541263317 5 9 6 F
0.565853438 5 10 6 F
0.606580267 5 10 7 F
0.656939758 5 9 7 F
0.694493419 5 9 8 F
0.708742532 5 9 9 F
0.745484729 5 10 9 F
0.786637853 5 9 9 F
0.823951457 5 9 10 F
0.865966817 5 9 11 F
0.915455614 5 9 10 F
0.936735181 5 9 11 F
0.970665150 5 8 11 F
0.989588485 5 9 11 F
1.007546132 5 9 12 F
1.044238540 5 9 13 F
1.060835513 5 10 13 F
1.096648166 5 9 13 F
1.107841719 5 9 14 F
1.145254633 5 8 14 F
1.159221204 5 9 14 F
1.172354076 5 9 0 F
1.215874690 5 9 14 F
1.255192300 5 8 14 F
1.300001101 5 7 14 F
1.340447776 5 7 13 F
1.375291170 5 6 13 F
1.417511994 5 6 14 F
1.446243758 5 7 14 F
1.491276435 5 8 14 F
1.508603433 5 9 14 F
1.558235479 5 9 13 F
1.578505237 5 9 12 F
1.604539908 5 9 11 F
1.622808974 5 8 11 F
1.667060713 5 7 11 F
1.680720363 5 8 11 F
1.701222433 5 7 11 F
1.714318287 5 8 11 F
1.728441492 5 7 11 F
1.773955941 5 7 10 F
1.824083348 5 7 11 F
1.842140753 5 7 12 F
1.867213340 5 7 13 F
1.893494326 5 7 12 F
1.930534158 5 7 13 F
1.959070983 5 7 14 F
2.006250794 5 7 13 F
2.032262921 5 7 14 F
2.057671791 5 6 14 F
2.070308397 5 5 14 F
2.103556722 5 5 0 F
2.133564227 5 5 14 F
2.150726924 5 5 0 F
2.174117903 5 6 0 F
2.207868195 5 5 0 F
2.257717913 5 6 0 F
2.294858144 5 5 0 F
2.317383851 5 6 0 F
2.332088922 5 6 14 F
2.369489600 5 7 14 F
2.413370183 5 8 14 F
2.456679011 5 9 14 F
2.468127751 5 10 14 F
2.510547756 5 10 13 F
2.555551233 5 10 12 F
2.590276779 5 11 12 F
2.632291148 5 10 12 F
2.654615200 5 10 11 F
0.000242096 14 11 3 O
0.028904677 14 10 3 O
0.075863550 14 9 3 O
0.119163942 14 9 4 O
0.140098631 14 10 4 O
0.185823962 14 10 5 O
0.230516881 14 10 4 O
0.274276478 14 11 4 O
0.307543468 14 12 4 O
0.322626397 14 12 5 O
0.371307283 14 12 6 O
0.403306315 14 13 6 O
0.424797021 14 14 6 O
0.458847284 14 14 5 O
0.481865586 14 14 6 O
0.507313542 14 14 5 O
0.526528022 14 13 5 O
0.565864139 14 14 5 O
0.611493752 14 14 4 O
0.656949614 14 13 4 O
0.705526660 14 13 3 O
0.729477584 14 12 3 O
0.744435058 14 12 4 O
0.766097059 14 11 4 O
0.801614349 14 10 4 O
0.814324708 14 11 4 O
0.841750691 14 12 4 O
0.891960017 14 11 4 O
0.913046159 14 12 4 O
0.955923457 14 11 4 O
0.999383773 14 11 3 O
1.036385623 14 11 2 O
1.075920485 14 11 3 O
1.120460717 14 10 3 O
1.146403471 14 9 3 O
1.163156593 14 8 3 O
1.184179140 14 9 3 O
1.222896262 14 8 3 O
1.254109203 14 8 4 O
1.277218141 14 7 4 O
1.295274747 14 8 4 O
1.330555518 14 8 5 O
1.345243640 14 8 6 O
1.362790001 14 8 7 O
1.390207321 14 9 7 O
1.415239249 14 8 7 O
1.428472435 14 8 8 O
1.469907024 14 8 9 O
1.497464578 14 8 10 O
1.542303599 14 9 10 O
1.589404455 14 8 10 O
1.605895257 14 7 10 O
1.619480806 14 8 10 O
1.637880419 14 8 11 O
1.652240720 14 8 10 O
1.687609166 14 9 10 O
1.714521685 14 8 10 O
1.730081952 14 9 10 O
1.767357925 14 9 11 O
1.793904847 14 9 12 O
1.808159928 14 8 12 O
1.836227407 14 8 13 O
1.878522591 14 9 13 O
1.921203264 14 10 13 O
1.962290426 14 11 13 O
1.989542043 14 10 13 O
2.021159082 14 10 14 O
2.066529904 14 10 13 O
2.088442304 14 10 12 O
2.135076497 14 11 12 O
2.147532938 14 11 11 O
2.186905700 14 12 11 O
2.219126888 14 12 10 O
2.242191378 14 12 11 O
2.273296775 14 12 12 O
2.289055789 14 12 13 O
2.311449125 14 11 13 O
2.347772616 14 10 13 O
2.360856955 14 11 13 O
2.407502950 14 11 14 O
2.436548412 14 10 14 O
2.464655829 14 11 14 O
2.483443487 14 11 0 O
2.496290972 14 11 14 O
2.526110095 14 10 14 O
2.541681596 14 11 14 O
2.572165985 14 11 13 O
2.621338536 14 11 14 O
2.654173263 14 11 0 O
2.686601190 14 10 0 O
2.701172333 14 9 0 O
2.718460925 14 9 1 O
2.734624955 14 9 2 O
2.781197458 14 9 1 O
2.822015107 14 10 1 O
2.835316331 14 10 0 O
2.867160055 14 10 14 O
2.883560026 14 10 0 O
2.926592801 14 11 0 O
2.940101583 14 11 1 O
0.000246346 2 10 8 C
0.048613716 2 11 8 C
0.095967961 2 10 8 C
0.131052800 2 10 7 C
0.153432403 2 10 6 C
0.182124231 2 10 5 C
0.199632058 2 10 6 C
0.227956756 2 9 6 C
0.265218567 2 9 5 C
0.290286244 2 10 5 C
0.307534330 2 11 5 C
0.358163603 2 12 5 C
0.379028490 2 12 6 C
0.409121733 2 12 7 C
0.450274143 2 12 6 C
0.493605720 2 12 7 C
0.533356659 2 12 6 C
0.576229883 2 12 7 C
0.598616240 2 12 8 C
0.632842747 2 12 7 C
0.662772744 2 11 7 C
0.700339659 2 12 7 C
0.717919566 2 11 7 C
0.748524300 2 12 7 C
0.781915638 2 11 7 C
0.819317119 2 12 7 C
0.830125302 2 13 7 C
0.861865748 2 12 7 C
0.873782333 2 11 7 C
0.905645440 2 11 8 C
0.948325499 2 10 8 C
0.979339513 2 10 7 C
0.995184290 2 10 8 C
1.012214300 2 10 7 C
1.049980709 2 11 7 C
1.089428200 2 10 7 C
1.106543299 2 10 6 C
1.151417125 2 11 6 C
1.171218585 2 12 6 C
1.195533975 2 12 7 C
1.232214055 2 13 7 C
1.268475077 2 12 7 C
1.307089845 2 12 6 C
1.322576807 2 11 6 C
1.345354792 2 10 6 C
1.376451440 2 10 7 C
1.390214786 2 10 6 C
1.420427155 2 9 6 C
1.433143893 2 10 6 C
1.460902724 2 10 5 C
1.497316796 2 11 5 C
1.545166670 2 11 6 C
1.577328610 2 11 7 C
1.605886228 2 11 8 C
1.646331206 2 11 7 C
1.680583428 2 10 7 C
1.721424399 2 10 6 C
1.758399752 2 10 7 C
1.790107159 2 11 7 C
1.837558167 2 11 6 C
1.854085271 2 11 7 C
1.874088396 2 12 7 C
1.893485385 2 13 7 C
1.926374438 2 13 6 C
1.973890340 2 13 5 C
2.010603368 2 14 5 C
2.060169746 2 14 6 C
2.076069595 2 14 5 C
2.113134456 2 13 5 C
2.147384789 2 14 5 C
2.160208740 2 14 6 C
2.180100240 2 13 6 C
2.211357452 2 14 6 C
2.233529790 2 13 6 C
2.269304248 2 13 5 C
2.284426161 2 14 5 C
2.303319400 2 13 5 C
2.331669280 2 13 6 C
2.369387683 2 14 6 C
2.414480108 2 0 6 C
2.447929378 2 1 6 C
2.468246651 2 2 6 C
2.485850780 2 2 7 C
2.515507381 2 2 6 C
2.554365412 2 2 7 C
2.573318466 2 2 8 C
2.607883464 2 1 8 C
2.645658158 2 1 7 C
2.665249709 2 1 6 C
2.695607522 2 2 6 C
2.710650038 2 1 6 C
2.726139665 2 0 6 C
2.738173941 2 0 7 C
2.781002733 2 0 8 C
2.798673110 2 14 8 C
2.815233692 2 0 8 C
2.858854678 2 14 8 C
2.893920117 2 0 8 C
2.916181482 2 14 8 C
2.945526540 2 14 7 C
2.964290343 2 14 6 C
0.000337462 0 11 6 A
0.024165559 0 12 6 A
0.048618345 0 12 5 A
0.084231141 0 13 5 A
0.106945621 0 12 5 A
0.156834868 0 12 4 A
0.171528879 0 12 5 A
0.198405556 0 11 5 A
0.246152334 0 12 5 A
0.279275763 0 12 4 A
0.319149960 0 13 4 A
0.367787029 0 14 4 A
0.409114363 0 0 4 A
0.451446036 0 14 4 A
0.500473397 0 0 4 A
0.549577986 0 0 5 A
0.563521508 0 1 5 A
0.593178055 0 2 5 A
0.640194344 0 1 5 A
0.675253624 0 1 4 A
0.717992943 0 1 5 A
0.738454113 0 0 5 A
0.778634669 0 0 6 A
0.794437736 0 14 6 A
0.815393459 0 14 7 A
0.847218762 0 14 6 A
0.861964484 0 14 7 A
0.909398639 0 0 7 A
0.936637582 0 14 7 A
0.980496939 0 14 8 A
1.018760854 0 14 9 A
1.031047159 0 14 8 A
1.044313556 0 0 8 A
1.058503331 0 0 9 A
1.077372102 0 1 9 A
1.094416029 0 1 8 A
1.131053016 0 0 8 A
1.147547527 0 0 7 A
1.195540780 0 1 7 A
1.235447146 0 1 8 A
1.248440106 0 1 9 A
1.291713686 0 1 10 A
1.303636233 0 1 11 A
1.330360187 0 1 10 A
1.368409899 0 1 9 A
1.402513743 0 1 10 A
1.428257002 0 0 10 A
1.459509694 0 14 10 A
1.485530055 0 14 11 A
1.517334853 0 0 11 A
1.567836644 0 0 12 A
1.587151279 0 1 12 A
1.603068940 0 1 13 A
1.630837331 0 0 13 A
1.657465362 0 1 13 A
1.706488645 0 1 12 A
1.718966623 0 1 11 A
1.739131157 0 1 12 A
1.761773761 0 2 12 A
1.806678685 0 2 13 A
1.817401337 0 2 12 A
1.863685919 0 1 12 A
1.902065384 0 0 12 A
1.950511942 0 1 12 A
1.994767270 0 1 11 A
2.030645287 0 1 12 A
2.056543812 0 2 12 A
2.094282476 0 3 12 A
2.107616818 0 4 12 A
2.127078646 0 3 12 A
2.161549781 0 3 13 A
2.185288453 0 3 14 A
2.196619155 0 2 14 A
2.234640604 0 2 13 A
2.260002445 0 1 13 A
2.292469921 0 2 13 A
2.314912375 0 1 13 A
2.351194054 0 0 13 A
2.375935605 0 1 13 A
2.415917154 0 1 14 A
2.463298617 0 2 14 A
2.503114333 0 1 14 A
2.514312255 0 1 13 A
2.539250019 0 1 12 A
2.586194776 0 2 12 A
2.633417634 0 1 12 A
2.672700185 0 0 12 A
2.714194700 0 0 11 A
2.725987666 0 0 10 A
2.758964819 0 1 10 A
2.796434967 0 2 10 A
2.835417740 0 1 10 A
2.872908726 0 0 10 A
2.907303681 0 1 10 A
2.948290812 0 2 10 A
2.989915897 0 3 10 A
3.029226216 0 4 10 A
0.000454365 13 0 4 N
0.030060114 13 1 4 N
0.079501640 13 1 5 N
0.106942027 13 0 5 N
0.149429247 13 1 5 N
0.195682049 13 2 5 N
0.210428058 13 2 6 N
0.236509530 13 2 5 N
0.279184485 13 3 5 N
0.295082934 13 3 4 N
0.342427755 13 3 3 N
0.372397445 13 3 2 N
0.419260593 13 2 2 N
0.440585385 13 3 2 N
0.457422852 13 4 2 N
0.504409399 13 3 2 N
0.550843421 13 3 3 N
0.584642712 13 4 3 N
0.610198281 13 3 3 N
0.648321759 13 3 2 N
0.675360741 13 3 3 N
0.689569169 13 4 3 N
0.705414693 13 4 2 N
0.744343408 13 4 3 N
0.777228569 13 5 3 N
0.807709679 13 5 2 N
0.850379709 13 5 3 N
0.864347602 13 5 4 N
0.891953203 13 4 4 N
0.935419376 13 3 4 N
0.974262249 13 3 3 N
1.011114619 13 4 3 N
1.048549825 13 5 3 N
1.096804337 13 5 4 N
1.120458463 13 4 4 N
1.139475826 13 4 5 N
1.159214483 13 4 4 N
1.175100601 13 4 3 N
1.197137883 13 4 2 N
1.210286226 13 4 1 N
1.225273180 13 4 2 N
1.243627189 13 4 3 N
1.254101596 13 5 3 N
1.303801313 13 6 3 N
1.345235679 13 5 3 N
1.372139910 13 4 3 N
1.422662392 13 3 3 N
1.463397340 13 2 3 N
1.510114234 13 1 3 N
1.549629741 13 1 4 N
1.577450498 13 1 5 N
1.617156514 13 0 5 N
1.652233160 13 0 6 N
1.701215894 13 0 5 N
1.731420443 13 0 6 N
1.775458952 13 1 6 N
1.822722156 13 2 6 N
1.867206506 13 3 6 N
1.881325593 13 3 7 N
1.905804410 13 3 6 N
1.924989197 13 2 6 N
1.973749109 13 2 7 N
2.003450029 13 3 7 N
2.032084687 13 3 6 N
2.058919731 13 2 6 N
2.082662580 13 1 6 N
2.121547616 13 1 7 N
2.145975621 13 2 7 N
2.173914275 13 2 6 N
2.198208037 13 3 6 N
2.226608063 13 3 5 N
2.270889972 13 3 4 N
2.309153751 13 2 4 N
2.354608408 13 2 5 N
2.394913816 13 3 5 N
2.431218464 13 2 5 N
2.449329627 13 3 5 N
2.476872749 13 4 5 N
2.489281032 13 4 4 N
2.538089945 13 4 3 N
2.588606338 13 4 2 N
2.624825670 13 4 1 N
2.674988938 13 4 2 N
2.689242283 13 4 3 N
2.729209020 13 3 3 N
2.749596286 13 2 3 N
2.773554554 13 3 3 N
2.822066540 13 3 4 N
2.861373590 13 4 4 N
2.909780789 13 5 4 N
2.923993807 13 6 4 N
2.955965931 13 5 4 N
2.990114556 13 4 4 N
3.034706045 13 3 4 N
