-1 15 15 15
0.000358304 1 1 1 B
0.032870366 1 0 1 B
0.060834220 1 14 1 B
0.076261357 1 13 1 B
0.093883401 1 12 1 B
0.113846316 1 11 1 B
0.152438492 1 10 1 B
0.184970647 1 9 1 B
0.226656083 1 8 1 B
0.248391104 1 7 1 B
0.283626744 1 6 1 B
0.333788647 1 5 1 B
0.359497070 1 4 1 B
0.396533146 1 3 1 B
0.435279293 1 2 1 B
0.449562591 1 1 1 B
0.486143323 1 0 1 B
0.000249242 0 0 0 A
0.043192509 0 0 14 A
0.070948738 0 0 13 A
0.104368635 0 0 12 A
0.127506129 0 0 11 A
0.174401231 0 0 10 A
0.219853439 0 0 9 A
0.252747610 0 0 8 A
0.289852545 0 0 7 A
0.307440819 0 0 6 A
0.327854299 0 0 5 A
0.371915392 0 0 4 A
0.410138100 0 0 3 A
0.454553864 0 0 2 A
0.606357918 0 0 2 a
0.000307698 4 4 4 E
0.019901642 4 4 3 E
0.036273700 4 4 2 E
0.051939396 4 4 1 E
0.102901298 4 4 0 E
0.124656549 4 4 14 E
0.155074451 4 4 13 E
0.204258384 4 4 12 E
0.243756138 4 4 11 E
0.292501305 4 4 10 E
0.342714806 4 4 9 E
0.368418054 4 4 8 E
0.416677626 4 4 7 E
0.438862104 4 4 6 E
0.453398252 4 4 5 E
0.493391330 4 4 4 E
0.537436361 4 4 3 E
0.580354539 4 4 2 E
0.593973173 4 4 1 E
0.622577925 4 4 0 E
0.653581151 4 4 14 E
0.697686655 4 4 13 E
0.000476302 12 12 12 M
0.044508006 12 12 11 M
0.089249248 12 12 10 M
0.136844164 12 12 9 M
0.168827722 12 12 8 M
0.201659145 12 12 7 M
0.227779345 12 12 6 M
0.255746529 12 12 5 M
0.272685197 12 12 4 M
0.318025618 12 12 3 M
0.350172676 12 12 2 M
0.391162678 12 12 1 M
0.440575365 12 12 0 M
0.472549124 12 12 14 M
0.505185591 12 12 13 M
0.520761994 12 12 12 M
0.557542458 12 12 11 M
0.607517397 12 12 10 M
0.653572865 12 12 9 M
0.684435829 12 12 8 M
0.733364569 12 12 7 M
0.000190548 14 14 14 O
0.043360201 14 14 13 O
0.056393364 14 14 12 O
0.076086800 14 14 11 O
0.122209191 14 14 10 O
0.138473838 14 14 9 O
0.181380663 14 14 8 O
0.230098967 14 14 7 O
0.254322499 14 14 6 O
0.283618567 14 14 5 O
0.312619124 14 14 4 O
0.353744944 14 14 3 O
0.401479596 14 14 2 O
0.430691554 14 14 1 O
0.472465361 14 14 0 O
0.503945324 14 14 14 O
0.531621337 14 14 13 O
0.564263727 14 14 12 O
0.597697959 14 14 11 O
0.635598785 14 14 10 O
0.674070287 14 14 9 O
0.692745391 14 14 8 O
0.739478224 14 14 7 O
0.000245636 13 13 13 N
0.045843937 13 12 13 N
0.074862989 13 11 13 N
0.096378231 13 10 13 N
0.117455951 13 9 13 N
0.129952140 13 8 13 N
0.172202577 13 7 13 N
0.199406053 13 6 13 N
0.236662324 13 5 13 N
0.271221113 13 4 13 N
0.312626838 13 3 13 N
0.362392780 13 2 13 N
0.397670172 13 1 13 N
0.430329059 13 0 13 N
0.469710781 13 14 13 N
0.500343471 13 13 13 N
0.537427994 13 12 13 N
0.551611401 13 11 13 N
0.586113195 13 10 13 N
0.604961928 13 9 13 N
0.631883411 13 8 13 N
0.678648882 13 7 13 N
0.696497868 13 6 13 N
0.717529717 13 5 13 N
0.856274896 13 5 13 n
0.000339697 7 7 7 H
0.048363300 7 6 7 H
0.081357562 7 5 7 H
0.106642144 7 4 7 H
0.141468378 7 3 7 H
0.191137198 7 2 7 H
0.208005820 7 1 7 H
0.238114971 7 0 7 H
0.266264010 7 14 7 H
0.278397702 7 13 7 H
0.325595682 7 12 7 H
0.363521121 7 11 7 H
0.382455991 7 10 7 H
0.413867084 7 9 7 H
0.433849464 7 8 7 H
0.447906302 7 7 7 H
0.490663659 7 6 7 H
0.515423407 7 5 7 H
0.526908234 7 4 7 H
0.538591297 7 3 7 H
0.584868700 7 2 7 H
0.615474144 7 1 7 H
0.637265254 7 0 7 H
0.677379372 7 14 7 H
0.717522592 7 13 7 H
0.863667590 7 13 7 h
0.000359812 5 5 5 F
0.049889331 5 6 5 F
0.087551178 5 7 5 F
0.147807005 5 8 5 F
0.181175114 5 9 5 F
0.229045724 5 10 5 F
0.258111433 5 11 5 F
0.282643638 5 12 5 F
0.295125228 5 13 5 F
0.319350318 5 14 5 F
0.371923575 5 0 5 F
0.407505805 5 1 5 F
0.430534685 5 2 5 F
0.478220265 5 3 5 F
0.500711506 5 4 5 F
0.545968429 5 5 5 F
0.593798456 5 6 5 F
0.620125521 5 7 5 F
0.665102961 5 8 5 F
0.699122301 5 9 5 F
0.711830140 5 10 5 F
0.726089263 5 11 5 F
0.763877636 5 12 5 F
0.790993916 5 13 5 F
0.810669348 5 14 5 F
0.836350672 5 0 5 F
0.879888516 5 1 5 F
0.900122228 5 2 5 F
0.940883666 5 3 5 F
0.981419545 5 4 5 F
1.028480906 5 5 5 F
1.041733538 5 6 5 F
1.057693899 5 7 5 F
1.087754091 5 8 5 F
1.100951983 5 9 5 F
0.000307505 3 3 3 D
0.038625658 3 2 3 D
0.074856156 3 1 3 D
0.087558652 3 0 3 D
0.134587964 3 14 3 D
0.147988091 3 13 3 D
0.188865285 3 12 3 D
0.211874595 3 11 3 D
0.259350572 3 10 3 D
0.307433762 3 9 3 D
0.323055677 3 8 3 D
0.373155707 3 7 3 D
0.411617914 3 6 3 D
0.425398132 3 5 3 D
0.453197908 3 4 3 D
0.486133669 3 3 3 D
0.523204141 3 2 3 D
0.537438757 3 1 3 D
0.575627544 3 0 3 D
0.602773974 3 14 3 D
0.638748511 3 13 3 D
0.666418555 3 12 3 D
0.684427146 3 11 3 D
0.707689948 3 10 3 D
0.737147088 3 9 3 D
0.767440153 3 8 3 D
0.817471632 3 7 3 D
0.854972138 3 6 3 D
0.891359436 3 5 3 D
0.922541736 3 4 3 D
0.935214732 3 3 3 D
0.959241940 3 2 3 D
0.976890032 3 1 3 D
0.992942502 3 0 3 D
1.023481108 3 14 3 D
1.060731509 3 13 3 D
1.097706208 3 12 3 D
1.135628866 3 11 3 D
1.182868938 3 10 3 D
1.210419429 3 9 3 D
1.243690254 3 8 3 D
1.253966515 3 7 3 D
1.276771136 3 6 3 D
1.303391415 3 5 3 D
0.000194919 6 6 6 G
0.011630792 6 6 5 G
0.047104298 6 6 4 G
0.078502468 6 6 3 G
0.122214617 6 6 2 G
0.134756758 6 6 1 G
0.152430535 6 6 0 G
0.168834644 6 6 14 G
0.240373538 6 6 13 G
0.282473358 6 6 12 G
0.295325317 6 6 11 G
0.332400788 6 6 10 G
0.353537967 6 6 9 G
0.383600767 6 6 8 G
0.418365190 6 6 7 G
0.463648317 6 6 6 G
0.507616878 6 6 5 G
0.536118361 6 6 4 G
0.584877651 6 6 3 G
0.601663995 6 6 2 G
0.613042715 6 6 1 G
0.631968642 6 6 0 G
0.677205656 6 6 14 G
0.717722167 6 6 13 G
0.750463759 6 6 12 G
0.796658989 6 6 11 G
0.810768349 6 6 10 G
0.836526593 6 6 9 G
0.854785933 6 6 8 G
0.872798911 6 6 7 G
0.914889800 6 6 6 G
0.953362496 6 6 5 G
0.971422823 6 6 4 G
1.018734336 6 6 3 G
1.054821496 6 6 2 G
1.085503122 6 6 1 G
1.102741988 6 6 0 G
1.118825274 6 6 14 G
1.143804460 6 6 13 G
1.162490279 6 6 12 G
1.234581164 6 6 11 G
1.245930033 6 6 10 G
1.284325309 6 6 9 G
1.331830174 6 6 8 G
1.382772586 6 6 7 G
1.397566477 6 6 6 G
1.421497646 6 6 5 G
0.000396702 11 11 11 L
0.029375748 11 10 11 L
0.066380438 11 9 11 L
0.102733541 11 8 11 L
0.148892256 11 7 11 L
0.191357241 11 6 11 L
0.228871224 11 5 11 L
0.299523335 11 4 11 L
0.313765545 11 3 11 L
0.355015206 11 2 11 L
0.378884702 11 1 11 L
0.405984264 11 0 11 L
0.435136636 11 14 11 L
0.461094352 11 13 11 L
0.505397138 11 12 11 L
0.547416096 11 11 11 L
0.590398287 11 10 11 L
0.616613622 11 9 11 L
0.628437722 11 8 11 L
0.656937820 11 7 11 L
0.703548517 11 6 11 L
0.743131559 11 5 11 L
0.785426326 11 4 11 L
0.812140845 11 3 11 L
0.828832633 11 2 11 L
0.842742485 11 1 11 L
0.862525766 11 0 11 L
0.888413519 11 14 11 L
0.931715886 11 13 11 L
0.943394419 11 12 11 L
0.986075682 11 11 11 L
1.012095479 11 10 11 L
1.059155371 11 9 11 L
1.102481059 11 8 11 L
1.134363131 11 7 11 L
1.185466023 11 6 11 L
1.227872313 11 5 11 L
1.271377179 11 4 11 L
1.309248048 11 3 11 L
1.375472641 11 2 11 L
1.417485526 11 1 11 L
1.439527304 11 0 11 L
1.464788256 11 14 11 L
1.498501776 11 13 11 L
1.522708489 11 12 11 L
1.555925631 11 11 11 L
1.597261613 11 10 11 L
1.622393648 11 9 11 L
1.644808379 11 8 11 L
0.000387658 8 8 8 I
0.036408261 8 8 7 I
0.074749513 8 8 6 I
0.094093301 8 8 5 I
0.139899741 8 8 4 I
0.182461716 8 8 3 I
0.224564287 8 8 2 I
0.267476916 8 8 1 I
0.308874138 8 8 0 I
0.340141723 8 8 14 I
0.350425094 8 8 13 I
0.377738691 8 8 12 I
0.391383974 8 8 11 I
0.438853750 8 8 10 I
0.468521117 8 8 9 I
0.491809327 8 8 8 I
0.515609138 8 8 7 I
0.527080508 8 8 6 I
0.540848063 8 8 5 I
0.580147392 8 8 4 I
0.604958664 8 8 3 I
0.617749460 8 8 2 I
0.634421256 8 8 1 I
0.675601042 8 8 0 I
0.692646592 8 8 14 I
0.735857387 8 8 13 I
0.756359822 8 8 12 I
0.799527105 8 8 11 I
0.821365481 8 8 10 I
0.832697449 8 8 9 I
0.865996611 8 8 8 I
0.882400618 8 8 7 I
0.904485568 8 8 6 I
0.918772054 8 8 5 I
0.946051484 8 8 4 I
0.961736238 8 8 3 I
1.004364645 8 8 2 I
1.016510966 8 8 1 I
1.037450290 8 8 0 I
1.064538612 8 8 14 I
1.079515429 8 8 13 I
1.113377464 8 8 12 I
1.135569152 8 8 11 I
1.162479491 8 8 10 I
1.183019091 8 8 9 I
1.217699461 8 8 8 I
1.238205272 8 8 7 I
1.251353491 8 8 6 I
1.298635656 8 8 5 I
1.312524559 8 8 4 I
1.329552331 8 8 3 I
1.374157873 8 8 2 I
1.395182920 8 8 1 I
1.431123359 8 8 0 I
1.463420641 8 8 14 I
1.477511939 8 8 13 I
1.502991853 8 8 12 I
1.516952998 8 8 11 I
1.533258254 8 8 10 I
1.577111864 8 8 9 I
1.592476384 8 8 8 I
1.629801453 8 8 7 I
1.660401043 8 8 6 I
1.696810883 8 8 5 I
1.740557947 8 8 4 I
1.754728977 8 8 3 I
1.781800711 8 8 2 I
1.793711594 8 8 1 I
1.805152494 8 8 0 I
0.000264300 10 10 10 K
0.044664374 10 10 9 K
0.088948075 10 10 8 K
0.137015585 10 10 7 K
0.163446642 10 10 6 K
0.188873547 10 10 5 K
0.224387524 10 10 4 K
0.310085554 10 10 3 K
0.352450834 10 10 2 K
0.368266612 10 10 1 K
0.400188438 10 10 0 K
0.436635694 10 10 14 K
0.479757294 10 10 13 K
0.515616727 10 10 12 K
0.542362437 10 10 11 K
0.581459514 10 10 10 K
0.612885319 10 10 9 K
0.662666772 10 10 8 K
0.697857791 10 10 7 K
0.729566006 10 10 6 K
0.757829330 10 10 5 K
0.785236776 10 10 4 K
0.827353852 10 10 3 K
0.870270434 10 10 2 K
0.889730963 10 10 1 K
0.914881576 10 10 0 K
0.930246340 10 10 14 K
0.975597519 10 10 13 K
1.025752931 10 10 12 K
1.066807920 10 10 11 K
1.083896735 10 10 10 K
1.096257453 10 10 9 K
1.110040157 10 10 8 K
1.154558141 10 10 7 K
1.181505871 10 10 6 K
1.224106411 10 10 5 K
1.243679880 10 10 4 K
1.289609118 10 10 3 K
1.333067399 10 10 2 K
1.352933862 10 10 1 K
1.382619526 10 10 0 K
1.420044837 10 10 14 K
1.456645267 10 10 13 K
1.493152139 10 10 12 K
1.535558909 10 10 11 K
1.566505507 10 10 10 K
1.615875353 10 10 9 K
1.658710664 10 10 8 K
1.676043266 10 10 7 K
1.687565190 10 10 6 K
1.706895013 10 10 5 K
1.748923296 10 10 4 K
1.789979328 10 10 3 K
1.824144669 10 10 2 K
1.844501934 10 10 1 K
1.863783997 10 10 0 K
1.896874307 10 10 14 K
0.000432988 9 9 9 J
0.091643914 9 10 9 J
0.130244567 9 11 9 J
0.169929016 9 12 9 J
0.219847065 9 13 9 J
0.242614324 9 14 9 J
0.267469244 9 0 9 J
0.304876115 9 1 9 J
0.343849061 9 2 9 J
0.362385222 9 3 9 J
0.408655038 9 4 9 J
0.418731952 9 5 9 J
0.436533748 9 6 9 J
0.481380633 9 7 9 J
0.492156086 9 8 9 J
0.520755755 9 9 9 J
0.557551301 9 10 9 J
0.580150595 9 11 9 J
0.628620262 9 12 9 J
0.645928107 9 13 9 J
0.699113539 9 14 9 J
0.711838060 9 0 9 J
0.729380847 9 1 9 J
0.760592300 9 2 9 J
0.794092387 9 3 9 J
0.806611056 9 4 9 J
0.830071969 9 5 9 J
0.858735333 9 6 9 J
0.888236156 9 7 9 J
0.917625146 9 8 9 J
0.963210451 9 9 9 J
0.989519797 9 10 9 J
1.008816346 9 11 9 J
1.031003233 9 12 9 J
1.060577516 9 13 9 J
1.078328705 9 14 9 J
1.101136881 9 0 9 J
1.116150309 9 1 9 J
1.149406822 9 2 9 J
1.162671957 9 3 9 J
1.209156840 9 4 9 J
1.249637738 9 5 9 J
1.338603180 9 6 9 J
1.368380412 9 7 9 J
1.380075389 9 8 9 J
1.401493985 9 9 9 J
1.444041368 9 10 9 J
1.466220070 9 11 9 J
1.513403584 9 12 9 J
1.558205656 9 13 9 J
1.575878208 9 14 9 J
1.612511169 9 0 9 J
1.638410417 9 1 9 J
1.689180805 9 2 9 J
1.723397091 9 3 9 J
1.773406141 9 4 9 J
1.789601314 9 5 9 J
1.813516397 9 6 9 J
1.833730328 9 7 9 J
1.856530488 9 8 9 J
1.887485295 9 9 9 J
1.920865826 9 10 9 J
1.945355027 9 11 9 J
1.982324012 9 12 9 J
2.018711919 9 13 9 J
2.035177773 9 14 9 J
2.070642195 9 0 9 J
2.107830989 9 1 9 J
2.192488619 9 2 9 J
2.220883940 9 3 9 J
2.251949468 9 4 9 J
2.275521043 9 5 9 J
2.298567006 9 6 9 J
2.320851741 9 7 9 J
2.346972623 9 8 9 J
2.360669056 9 9 9 J
2.400375615 9 10 9 J
2.414579361 9 11 9 J
2.446271056 9 12 9 J
2.484534039 9 13 9 J
2.502076119 9 14 9 J
2.544552750 9 0 9 J
2.573562664 9 1 9 J
2.638529186 9 2 9 J
2.653834770 9 3 9 J
2.687724873 9 4 9 J
2.707166831 9 5 9 J
2.724399661 9 6 9 J
2.759508103 9 7 9 J
2.807897351 9 8 9 J
2.854362298 9 9 9 J
2.870524880 9 10 9 J
2.905890330 9 11 9 J
2.955379486 9 12 9 J
2.973809054 9 13 9 J
3.000285880 9 14 9 J
3.023104841 9 0 9 J
3.039492993 9 1 9 J
3.081626440 9 2 9 J
0.000395559 2 2 2 C
0.081107431 2 2 3 C
0.122360766 2 2 4 C
0.147799177 2 2 5 C
0.185281369 2 2 6 C
0.218421469 2 2 7 C
0.260463902 2 2 8 C
0.302357199 2 2 9 C
0.333704313 2 2 10 C
0.386879931 2 2 11 C
0.402622672 2 2 12 C
0.451893970 2 2 13 C
0.484844725 2 2 14 C
0.516897277 2 2 0 C
0.558699522 2 2 1 C
0.599221824 2 2 2 C
0.615576611 2 2 3 C
0.641136185 2 2 4 C
0.662674350 2 2 5 C
0.675592537 2 2 6 C
0.723427476 2 2 7 C
0.747426003 2 2 8 C
0.802892486 2 2 9 C
0.832788997 2 2 10 C
0.876502557 2 2 11 C
0.893636032 2 2 12 C
0.922372556 2 2 13 C
0.955616779 2 2 14 C
0.967863568 2 2 0 C
0.990664452 2 2 1 C
1.004202036 2 2 2 C
1.016682473 2 2 3 C
1.061979208 2 2 4 C
1.102601094 2 2 5 C
1.152874581 2 2 6 C
1.190398801 2 2 7 C
1.215375430 2 2 8 C
1.265887615 2 2 9 C
1.293885924 2 2 10 C
1.340082909 2 2 11 C
1.368522605 2 2 12 C
1.400100692 2 2 13 C
1.416269788 2 2 14 C
1.466403390 2 2 0 C
1.495567911 2 2 1 C
1.520451212 2 2 2 C
1.559677909 2 2 3 C
1.589764554 2 2 4 C
1.612519271 2 2 5 C
1.650256479 2 2 6 C
1.699178966 2 2 7 C
1.711012837 2 2 8 C
1.738998472 2 2 9 C
1.760410303 2 2 10 C
1.793335664 2 2 11 C
1.833737402 2 2 12 C
1.853125111 2 2 13 C
1.872063077 2 2 14 C
1.887476510 2 2 0 C
1.917527964 2 2 1 C
1.960650001 2 2 2 C
1.978944771 2 2 3 C
2.018856618 2 2 4 C
2.038746502 2 2 5 C
2.063235373 2 2 6 C
2.083304933 2 2 7 C
2.114514687 2 2 8 C
2.144862439 2 2 9 C
2.190916593 2 2 10 C
2.231369796 2 2 11 C
2.281841579 2 2 12 C
2.298692392 2 2 13 C
2.332504841 2 2 14 C
2.360533919 2 2 0 C
2.395763875 2 2 1 C
2.440818289 2 2 2 C
2.457775238 2 2 3 C
2.475121819 2 2 4 C
2.499396971 2 2 5 C
2.514762746 2 2 6 C
2.548143384 2 2 7 C
2.589378171 2 2 8 C
2.601716698 2 2 9 C
2.629739472 2 2 10 C
2.664132276 2 2 11 C
2.687533081 2 2 12 C
2.718579882 2 2 13 C
2.745865392 2 2 14 C
2.791264355 2 2 0 C
2.812571733 2 2 1 C
2.855756874 2 2 2 C
2.870681019 2 2 3 C
2.915600547 2 2 4 C
2.929823622 2 2 5 C
2.978977605 2 2 6 C
3.002568632 2 2 7 C
3.017728091 2 2 8 C
3.064697749 2 2 9 C
3.081454043 2 2 10 C
3.108814940 2 2 11 C
3.149040083 2 2 12 C
