-1 15 15 15
0.000404392 1 1 1 B
0.018264810 1 0 1 B
0.063786427 1 14 1 B
0.077712380 1 13 1 B
0.124436061 1 12 1 B
0.164788331 1 11 1 B
0.194087809 1 10 1 B
0.238852454 1 9 1 B
0.286782065 1 8 1 B
0.300738836 1 7 1 B
0.328390831 1 6 1 B
0.340722621 1 5 1 B
0.385424728 1 4 1 B
0.419750012 1 3 1 B
0.000459672 0 0 0 A
0.071622131 0 0 1 A
0.104856259 0 0 2 A
0.135351676 0 0 3 A
0.167099689 0 0 4 A
0.212226196 0 0 5 A
0.245844084 0 0 6 A
0.262490966 0 0 7 A
0.305130115 0 0 8 A
0.316701422 0 0 9 A
0.366890053 0 0 10 A
0.397080355 0 0 11 A
0.422287387 0 0 12 A
0.448567651 0 0 13 A
0.466913371 0 0 14 A
0.484754424 0 0 0 A
0.000334564 14 14 14 O
0.032053465 14 14 13 O
0.066629474 14 14 12 O
0.098346204 14 14 11 O
0.139706208 14 14 10 O
0.185650603 14 14 9 O
0.228980716 14 14 8 O
0.307814981 14 14 7 O
0.353709477 14 14 6 O
0.402432284 14 14 5 O
0.441988827 14 14 4 O
0.500141464 14 14 3 O
0.546027594 14 14 2 O
0.580131675 14 14 1 O
0.628088620 14 14 0 O
0.650115346 14 14 14 O
0.665136820 14 14 13 O
0.715709873 14 14 12 O
0.000511056 13 13 13 N
0.046119922 13 12 13 N
0.095923354 13 11 13 N
0.153773963 13 10 13 N
0.201475811 13 9 13 N
0.234074361 13 8 13 N
0.272008080 13 7 13 N
0.305311010 13 6 13 N
0.332104614 13 5 13 N
0.354851698 13 4 13 N
0.376655771 13 3 13 N
0.398662797 13 2 13 N
0.419924107 13 1 13 N
0.473841969 13 0 13 N
0.495367910 13 14 13 N
0.509619559 13 13 13 N
0.549753120 13 12 13 N
0.576775975 13 11 13 N
0.619882448 13 10 13 N
0.635627769 13 9 13 N
0.683098695 13 8 13 N
0.728497576 13 7 13 N
0.741044315 13 6 13 N
0.765640962 13 5 13 N
0.784602103 13 4 13 N
0.821627888 13 3 13 N
0.835352104 13 2 13 N
0.867282470 13 1 13 N
0.000482719 6 6 6 G
0.020610341 6 6 7 G
0.064949062 6 6 8 G
0.125768039 6 6 9 G
0.147098460 6 6 10 G
0.190143202 6 6 11 G
0.229203213 6 6 12 G
0.269620066 6 6 13 G
0.286776153 6 6 14 G
0.336064138 6 6 0 G
0.349844317 6 6 1 G
0.379172347 6 6 2 G
0.402228108 6 6 3 G
0.442161098 6 6 4 G
0.458754975 6 6 5 G
0.485997788 6 6 6 G
0.520497345 6 6 7 G
0.543492778 6 6 8 G
0.558943616 6 6 9 G
0.576784138 6 6 10 G
0.593779728 6 6 11 G
0.623497822 6 6 12 G
0.666904800 6 6 13 G
0.695140179 6 6 14 G
0.730927198 6 6 0 G
0.774592772 6 6 1 G
0.799151463 6 6 2 G
0.821636130 6 6 3 G
0.848756529 6 6 4 G
0.877749959 6 6 5 G
0.920383417 6 6 6 G
0.000501526 5 5 5 F
0.015821425 5 6 5 F
0.059880254 5 7 5 F
0.108593476 5 8 5 F
0.128288857 5 9 5 F
0.153783783 5 10 5 F
0.194206691 5 11 5 F
0.218756896 5 12 5 F
0.242976678 5 13 5 F
0.285091957 5 14 5 F
0.318966300 5 0 5 F
0.367240027 5 1 5 F
0.390707663 5 2 5 F
0.415283996 5 3 5 F
0.430686983 5 4 5 F
0.466759796 5 5 5 F
0.509569649 5 6 5 F
0.553677307 5 7 5 F
0.597948929 5 8 5 F
0.628094892 5 9 5 F
0.640388990 5 10 5 F
0.652761742 5 11 5 F
0.696371724 5 12 5 F
0.707424980 5 13 5 F
0.733682731 5 14 5 F
0.750160790 5 0 5 F
0.793451593 5 1 5 F
0.833036448 5 2 5 F
0.867117359 5 3 5 F
0.886759309 5 4 5 F
0.932978703 5 5 5 F
0.949119943 5 6 5 F
0.000516816 7 7 7 H
0.035785938 7 8 7 H
0.069977408 7 9 7 H
0.101067202 7 10 7 H
0.147012697 7 11 7 H
0.169427255 7 12 7 H
0.214660555 7 13 7 H
0.238864187 7 14 7 H
0.306435623 7 0 7 H
0.344084400 7 1 7 H
0.361723606 7 2 7 H
0.376832290 7 3 7 H
0.412417998 7 4 7 H
0.460127877 7 5 7 H
0.483644882 7 6 7 H
0.510750367 7 7 7 H
0.552269767 7 8 7 H
0.594928675 7 9 7 H
0.606892409 7 10 7 H
0.640527531 7 11 7 H
0.657756080 7 12 7 H
0.672924308 7 13 7 H
0.686054260 7 14 7 H
0.696496446 7 0 7 H
0.738351776 7 1 7 H
0.774706025 7 2 7 H
0.813993772 7 3 7 H
0.831891506 7 4 7 H
0.848764201 7 5 7 H
0.886659139 7 6 7 H
0.917916378 7 7 7 H
0.937774917 7 8 7 H
0.972742313 7 9 7 H
1.015008533 7 10 7 H
1.033724096 7 11 7 H
1.069759335 7 12 7 H
1.109055487 7 13 7 H
1.135966363 7 14 7 H
1.161960204 7 0 7 H
1.205180648 7 1 7 H
1.241620646 7 2 7 H
1.281304881 7 3 7 H
1.324384229 7 4 7 H
1.349015005 7 5 7 H
1.365855897 7 6 7 H
0.000418598 11 11 11 L
0.058598406 11 12 11 L
0.084137520 11 13 11 L
0.142316932 11 14 11 L
0.191447173 11 0 11 L
0.231722988 11 1 11 L
0.266477833 11 2 11 L
0.282746505 11 3 11 L
0.312482673 11 4 11 L
0.334649958 11 5 11 L
0.377930971 11 6 11 L
0.402054710 11 7 11 L
0.430905821 11 8 11 L
0.479392512 11 9 11 L
0.524020580 11 10 11 L
0.536749800 11 11 11 L
0.551046232 11 12 11 L
0.565451562 11 13 11 L
0.603321149 11 14 11 L
0.642196075 11 0 11 L
0.669776851 11 1 11 L
0.718046092 11 2 11 L
0.750295633 11 3 11 L
0.766963990 11 4 11 L
0.801700543 11 5 11 L
0.835490297 11 6 11 L
0.873987191 11 7 11 L
0.912073569 11 8 11 L
0.934119327 11 9 11 L
0.967997463 11 10 11 L
0.987015452 11 11 11 L
1.011891909 11 12 11 L
1.032137472 11 13 11 L
1.067280531 11 14 11 L
1.098116218 11 0 11 L
1.114351955 11 1 11 L
1.140678164 11 2 11 L
1.169125795 11 3 11 L
1.197785903 11 4 11 L
1.239300795 11 5 11 L
1.250735241 11 6 11 L
1.299072034 11 7 11 L
1.343798372 11 8 11 L
1.373850272 11 9 11 L
1.409001716 11 10 11 L
1.428818019 11 11 11 L
1.472928817 11 12 11 L
0.000381644 10 10 10 K
0.046116018 10 10 11 K
0.085462641 10 10 12 K
0.126926522 10 10 13 K
0.153584741 10 10 14 K
0.176712633 10 10 0 K
0.240314927 10 10 1 K
0.267965535 10 10 2 K
0.284089220 10 10 3 K
0.315138725 10 10 4 K
0.364008536 10 10 5 K
0.404800100 10 10 6 K
0.424834724 10 10 7 K
0.456320605 10 10 8 K
0.504779424 10 10 9 K
0.547258506 10 10 10 K
0.558936292 10 10 11 K
0.597859112 10 10 12 K
0.640881047 10 10 13 K
0.662658788 10 10 14 K
0.696502727 10 10 0 K
0.713196526 10 10 1 K
0.752685500 10 10 2 K
0.768427686 10 10 3 K
0.804126206 10 10 4 K
0.839035641 10 10 5 K
0.851762140 10 10 6 K
0.864829757 10 10 7 K
0.910931550 10 10 8 K
0.924891858 10 10 9 K
0.942583967 10 10 10 K
0.989303041 10 10 11 K
1.032286229 10 10 12 K
1.057703751 10 10 13 K
1.082776290 10 10 14 K
1.105196383 10 10 0 K
1.143877756 10 10 1 K
1.180980393 10 10 2 K
1.208671479 10 10 3 K
1.222949928 10 10 4 K
1.271917865 10 10 5 K
1.298897295 10 10 6 K
1.346758882 10 10 7 K
1.372473974 10 10 8 K
1.394618670 10 10 9 K
1.441802710 10 10 10 K
1.472839792 10 10 11 K
1.497768944 10 10 12 K
1.543325342 10 10 13 K
1.575041840 10 10 14 K
1.616601069 10 10 0 K
1.629065738 10 10 1 K
1.660880625 10 10 2 K
1.699115969 10 10 3 K
1.732063504 10 10 4 K
1.768478255 10 10 5 K
1.815688710 10 10 6 K
0.000480851 12 12 12 M
0.016979505 12 12 11 M
0.050061186 12 12 10 M
0.070166182 12 12 9 M
0.099683589 12 12 8 M
0.124427185 12 12 7 M
0.148469229 12 12 6 M
0.176907317 12 12 5 M
0.216035837 12 12 4 M
0.255831705 12 12 3 M
0.293229445 12 12 2 M
0.328398565 12 12 1 M
0.377796873 12 12 0 M
0.413814319 12 12 14 M
0.429252083 12 12 13 M
0.442065221 12 12 12 M
0.475124029 12 12 11 M
0.522874652 12 12 10 M
0.553564267 12 12 9 M
0.570053988 12 12 8 M
0.602080327 12 12 7 M
0.640638237 12 12 6 M
0.653884766 12 12 5 M
0.692617708 12 12 4 M
0.739660916 12 12 3 M
0.772050746 12 12 2 M
0.794886268 12 12 1 M
0.808808177 12 12 0 M
0.850126561 12 12 14 M
0.868330351 12 12 13 M
0.882110760 12 12 12 M
0.926054653 12 12 11 M
0.969092881 12 12 10 M
1.014858030 12 12 9 M
1.036023093 12 12 8 M
1.047771418 12 12 7 M
1.060669536 12 12 6 M
1.084159168 12 12 5 M
1.113069795 12 12 4 M
1.149128416 12 12 3 M
1.160814874 12 12 2 M
1.204046022 12 12 1 M
1.243789404 12 12 0 M
1.271927304 12 12 14 M
1.283799723 12 12 13 M
1.300020791 12 12 12 M
1.313029364 12 12 11 M
1.352650942 12 12 10 M
1.387805378 12 12 9 M
1.433459676 12 12 8 M
1.465373749 12 12 7 M
1.497585546 12 12 6 M
1.528555677 12 12 5 M
1.567012206 12 12 4 M
1.579008837 12 12 3 M
1.615091701 12 12 2 M
1.653676689 12 12 1 M
1.702688166 12 12 0 M
1.723482372 12 12 14 M
1.768346313 12 12 13 M
1.799739371 12 12 12 M
1.937878396 12 12 12 m
0.000430925 3 3 3 D
0.043784526 3 4 3 D
0.086803590 3 5 3 D
0.124588916 3 6 3 D
0.171900134 3 7 3 D
0.222218232 3 8 3 D
0.269630759 3 9 3 D
0.321735936 3 10 3 D
0.370848993 3 11 3 D
0.402234558 3 12 3 D
0.414968838 3 13 3 D
0.450859774 3 14 3 D
0.497924549 3 0 3 D
0.525112815 3 1 3 D
0.582682889 3 2 3 D
0.597866474 3 3 3 D
0.638924389 3 4 3 D
0.661109949 3 5 3 D
0.684648736 3 6 3 D
0.713355820 3 7 3 D
0.760650769 3 8 3 D
0.811472028 3 9 3 D
0.851610189 3 10 3 D
0.902666950 3 11 3 D
0.918055728 3 12 3 D
0.953631273 3 13 3 D
0.981601849 3 14 3 D
1.021447500 3 0 3 D
1.037604480 3 1 3 D
1.110762816 3 2 3 D
1.150618736 3 3 3 D
1.182672052 3 4 3 D
1.209827300 3 5 3 D
1.224083764 3 6 3 D
1.248329370 3 7 3 D
1.282524308 3 8 3 D
1.312822172 3 9 3 D
1.326870784 3 10 3 D
1.345411840 3 11 3 D
1.365650416 3 12 3 D
1.387607251 3 13 3 D
1.431135070 3 14 3 D
1.477315522 3 0 3 D
1.517796597 3 1 3 D
1.558583854 3 2 3 D
1.587640451 3 3 3 D
1.624605566 3 4 3 D
1.642926803 3 5 3 D
1.679090238 3 6 3 D
1.705409140 3 7 3 D
1.731753527 3 8 3 D
1.770817147 3 9 3 D
1.789115896 3 10 3 D
1.826416627 3 11 3 D
1.866621157 3 12 3 D
1.912548219 3 13 3 D
1.946505464 3 14 3 D
1.961526431 3 0 3 D
1.996907405 3 1 3 D
2.021920802 3 2 3 D
2.043751661 3 3 3 D
0.000382546 2 2 2 C
0.015891791 2 2 3 C
0.048934927 2 2 4 C
0.098518257 2 2 5 C
0.124597526 2 2 6 C
0.161973772 2 2 7 C
0.210605503 2 2 8 C
0.240324178 2 2 9 C
0.275701892 2 2 10 C
0.286916534 2 2 11 C
0.313762038 2 2 12 C
0.353804593 2 2 13 C
0.383892383 2 2 14 C
0.422159329 2 2 0 C
0.447039137 2 2 1 C
0.489488488 2 2 2 C
0.539009147 2 2 3 C
0.582674749 2 2 4 C
0.615502944 2 2 5 C
0.631913208 2 2 6 C
0.656373138 2 2 7 C
0.692752661 2 2 8 C
0.728357136 2 2 9 C
0.773144469 2 2 10 C
0.791965231 2 2 11 C
0.829299898 2 2 12 C
0.877739161 2 2 13 C
0.902659809 2 2 14 C
0.928573582 2 2 0 C
0.972642074 2 2 1 C
1.022749964 2 2 2 C
1.070910757 2 2 3 C
1.102393854 2 2 4 C
1.116013179 2 2 5 C
1.163684615 2 2 6 C
1.210989112 2 2 7 C
1.236097785 2 2 8 C
1.250862704 2 2 9 C
1.279794095 2 2 10 C
1.321974267 2 2 11 C
1.360664411 2 2 12 C
1.407611041 2 2 13 C
1.450154078 2 2 14 C
1.488700818 2 2 0 C
1.525197485 2 2 1 C
1.550799811 2 2 2 C
1.591615658 2 2 3 C
1.641765409 2 2 4 C
1.676822955 2 2 5 C
1.722174211 2 2 6 C
1.747410294 2 2 7 C
1.767071512 2 2 8 C
1.824056665 2 2 9 C
1.847222211 2 2 10 C
1.866618584 2 2 11 C
1.897539802 2 2 12 C
1.914747417 2 2 13 C
1.945241777 2 2 14 C
1.991490193 2 2 0 C
2.034009925 2 2 1 C
2.059929714 2 2 2 C
2.094718143 2 2 3 C
2.120681387 2 2 4 C
2.155503022 2 2 5 C
2.169617843 2 2 6 C
2.196625740 2 2 7 C
2.213294022 2 2 8 C
2.231045350 2 2 9 C
2.257839722 2 2 10 C
2.289774937 2 2 11 C
2.313623085 2 2 12 C
2.351824947 2 2 13 C
0.000498828 9 9 9 J
0.035637721 9 8 9 J
0.075025017 9 7 9 J
0.085453464 9 6 9 J
0.117621786 9 5 9 J
0.152001658 9 4 9 J
0.164778878 9 3 9 J
0.202807677 9 2 9 J
0.222355082 9 1 9 J
0.262479310 9 0 9 J
0.283944082 9 14 9 J
0.322887890 9 13 9 J
0.340599710 9 12 9 J
0.364341580 9 11 9 J
0.379164620 9 10 9 J
0.424780378 9 9 9 J
0.461666788 9 8 9 J
0.479521172 9 7 9 J
0.496783733 9 6 9 J
0.544880720 9 5 9 J
0.615627150 9 4 9 J
0.626715873 9 3 9 J
0.669637333 9 2 9 J
0.709836375 9 1 9 J
0.759348185 9 0 9 J
0.801704802 9 14 9 J
0.844609552 9 13 9 J
0.877747303 9 12 9 J
0.919157453 9 11 9 J
0.964610960 9 10 9 J
1.002039814 9 9 9 J
1.046262539 9 8 9 J
1.087816027 9 7 9 J
1.115806234 9 6 9 J
1.157103808 9 5 9 J
1.192126738 9 4 9 J
1.234986055 9 3 9 J
1.290460909 9 2 9 J
1.340930322 9 1 9 J
1.378584337 9 0 9 J
1.419842404 9 14 9 J
1.440632802 9 13 9 J
1.486424972 9 12 9 J
1.505832168 9 11 9 J
1.541910818 9 10 9 J
1.557304715 9 9 9 J
1.571337930 9 8 9 J
1.604249993 9 7 9 J
1.653421546 9 6 9 J
1.693143298 9 5 9 J
1.724800978 9 4 9 J
1.761586198 9 3 9 J
1.787915414 9 2 9 J
1.816788250 9 1 9 J
1.841937671 9 0 9 J
1.854742300 9 14 9 J
1.899858518 9 13 9 J
1.937871447 9 12 9 J
1.968117463 9 11 9 J
1.987948830 9 10 9 J
2.035342800 9 9 9 J
2.061110194 9 8 9 J
2.075972718 9 7 9 J
2.122949279 9 6 9 J
2.166119414 9 5 9 J
2.209142968 9 4 9 J
2.224759944 9 3 9 J
2.261275440 9 2 9 J
2.309045282 9 1 9 J
2.339042258 9 0 9 J
2.375760048 9 14 9 J
2.422211066 9 13 9 J
2.465130390 9 12 9 J
2.512121126 9 11 9 J
2.525068435 9 10 9 J
0.000624627 8 8 8 I
0.071572348 8 8 7 I
0.117447578 8 8 6 I
0.143593422 8 8 5 I
0.174133719 8 8 4 I
0.193982961 8 8 3 I
0.219919962 8 8 2 I
0.245854692 8 8 1 I
0.284078961 8 8 0 I
0.295726416 8 8 14 I
0.328526748 8 8 13 I
0.352416136 8 8 12 I
0.376826425 8 8 11 I
0.422280330 8 8 10 I
0.436574091 8 8 9 I
0.460120005 8 8 8 I
0.471254258 8 8 7 I
0.509707330 8 8 6 I
0.525245815 8 8 5 I
0.547118129 8 8 4 I
0.561753714 8 8 3 I
0.592503244 8 8 2 I
0.603431445 8 8 1 I
0.635439285 8 8 0 I
0.650283168 8 8 14 I
0.734829440 8 8 13 I
0.745567018 8 8 12 I
0.775776468 8 8 11 I
0.812847760 8 8 10 I
0.836762117 8 8 9 I
0.856355924 8 8 8 I
0.891205632 8 8 7 I
0.934126544 8 8 6 I
0.948976320 8 8 5 I
0.969233642 8 8 4 I
1.013384898 8 8 3 I
1.056143469 8 8 2 I
1.103742833 8 8 1 I
1.139552335 8 8 0 I
1.162166856 8 8 14 I
1.204051943 8 8 13 I
1.229518314 8 8 12 I
1.257583584 8 8 11 I
1.279601670 8 8 10 I
1.328578791 8 8 9 I
1.358081770 8 8 8 I
1.405957032 8 8 7 I
1.435953785 8 8 6 I
1.480910498 8 8 5 I
1.521780248 8 8 4 I
1.568670043 8 8 3 I
1.617955094 8 8 2 I
1.668492747 8 8 1 I
1.697797549 8 8 0 I
1.739761351 8 8 14 I
1.759091669 8 8 13 I
1.788991190 8 8 12 I
1.825244448 8 8 11 I
1.862062210 8 8 10 I
1.874254255 8 8 9 I
1.890002259 8 8 8 I
1.934305675 8 8 7 I
1.947765149 8 8 6 I
1.974357409 8 8 5 I
2.013422715 8 8 4 I
2.032765845 8 8 3 I
2.062198817 8 8 2 I
2.072494417 8 8 1 I
2.110128128 8 8 0 I
2.142932617 8 8 14 I
2.177135148 8 8 13 I
2.206919816 8 8 12 I
2.220973408 8 8 11 I
2.270953361 8 8 10 I
2.299051649 8 8 9 I
2.340360874 8 8 8 I
2.358340291 8 8 7 I
2.383594177 8 8 6 I
2.428486599 8 8 5 I
2.469965071 8 8 4 I
2.492834194 8 8 3 I
2.520494748 8 8 2 I
2.558984386 8 8 1 I
2.574574034 8 8 0 I
2.603767520 8 8 14 I
2.629785565 8 8 13 I
2.664691630 8 8 12 I
0.000328291 4 4 4 E
0.021698400 4 4 5 E
0.042465385 4 4 6 E
0.071565031 4 4 7 E
0.090141717 4 4 8 E
0.117630770 4 4 9 E
0.148460558 4 4 10 E
0.169564986 4 4 11 E
0.198744886 4 4 12 E
0.227787062 4 4 13 E
0.272141677 4 4 14 E
0.306431541 4 4 0 E
0.349836152 4 4 1 E
0.381501393 4 4 2 E
0.430770271 4 4 3 E
0.445619193 4 4 4 E
0.473835158 4 4 5 E
0.490777948 4 4 6 E
0.520504325 4 4 7 E
0.552403417 4 4 8 E
0.572760034 4 4 9 E
0.609059340 4 4 10 E
0.648713814 4 4 11 E
0.666629217 4 4 12 E
0.713487873 4 4 13 E
0.730934616 4 4 14 E
0.764134963 4 4 0 E
0.814071951 4 4 1 E
0.851755331 4 4 2 E
0.893837282 4 4 3 E
0.917769933 4 4 4 E
0.961030390 4 4 5 E
0.995625636 4 4 6 E
1.042966904 4 4 7 E
1.059236443 4 4 8 E
1.105583785 4 4 9 E
1.116972070 4 4 10 E
1.131302458 4 4 11 E
1.150397378 4 4 12 E
1.169134854 4 4 13 E
1.216329465 4 4 14 E
1.239298781 4 4 0 E
1.265860318 4 4 1 E
1.281065533 4 4 2 E
1.315141160 4 4 3 E
1.328587471 4 4 4 E
1.372464159 4 4 5 E
1.387815626 4 4 6 E
1.404427069 4 4 7 E
1.450473429 4 4 8 E
1.500254404 4 4 9 E
1.544595929 4 4 10 E
1.576703924 4 4 11 E
1.616381664 4 4 12 E
1.641965312 4 4 13 E
1.668702406 4 4 14 E
1.691719856 4 4 0 E
1.702697370 4 4 1 E
1.728415086 4 4 2 E
1.757926428 4 4 3 E
1.775349411 4 4 4 E
1.790107300 4 4 5 E
1.808808307 4 4 6 E
1.825245921 4 4 7 E
1.874251452 4 4 8 E
1.887840520 4 4 9 E
1.899809790 4 4 10 E
1.921395531 4 4 11 E
1.967966088 4 4 12 E
1.985668698 4 4 13 E
2.031507539 4 4 14 E
2.075917561 4 4 0 E
2.088274197 4 4 1 E
2.126452551 4 4 2 E
2.170767788 4 4 3 E
2.186819442 4 4 4 E
2.210694020 4 4 5 E
2.250440880 4 4 6 E
2.282425445 4 4 7 E
2.303595727 4 4 8 E
2.337898631 4 4 9 E
2.378038399 4 4 10 E
2.395842706 4 4 11 E
2.430767381 4 4 12 E
2.468762306 4 4 13 E
2.480463802 4 4 14 E
2.530640340 4 4 0 E
2.578930122 4 4 1 E
2.598220883 4 4 2 E
2.617183611 4 4 3 E
2.649112843 4 4 4 E
2.687888132 4 4 5 E
