-1 15 15 15
0.000234418 9 0 7 J
0.039334954 9 0 6 J
0.082636752 9 1 6 J
0.118397432 9 1 5 J
0.157963353 9 0 5 J
0.180920712 9 1 5 J
0.208791237 9 2 5 J
0.242435102 9 3 5 J
0.276165178 9 2 5 J
0.323500339 9 3 5 J
0.459833043 9 3 5 j
0.000224835 8 3 7 I
0.039409968 8 4 7 I
0.080323864 8 3 7 I
0.121164483 8 3 6 I
0.141640501 8 3 7 I
0.154430415 8 4 7 I
0.202454375 8 3 7 I
0.248969025 8 3 6 I
0.266557320 8 2 6 I
0.291513253 8 3 6 I
0.326496943 8 4 6 I
0.347946800 8 4 5 I
0.467938469 8 4 5 i
0.000324081 11 11 0 L
0.019907193 11 11 14 L
0.069917893 11 12 14 L
0.092967907 11 12 0 L
0.125964083 11 11 0 L
0.154617108 11 10 0 L
0.178288548 11 10 14 L
0.215242140 11 9 14 L
0.239792879 11 8 14 L
0.261251673 11 8 0 L
0.309869473 11 8 1 L
0.337487966 11 8 0 L
0.356958045 11 7 0 L
0.502205452 11 7 0 l
0.000282905 10 6 4 K
0.040634014 10 7 4 K
0.076805312 10 7 5 K
0.101716461 10 7 4 K
0.131448449 10 6 4 K
0.159326802 10 5 4 K
0.185952308 10 5 3 K
0.199715269 10 6 3 K
0.245534292 10 5 3 K
0.290124850 10 5 2 K
0.332643157 10 5 3 K
0.345684261 10 5 4 K
0.385201610 10 5 5 K
0.514760538 10 5 5 k
0.000160157 2 6 0 C
0.034932588 2 7 0 C
0.083773624 2 8 0 C
0.109602645 2 8 1 C
0.138286756 2 8 0 C
0.178610303 2 8 14 C
0.213603842 2 8 13 C
0.245517455 2 7 13 C
0.258912247 2 6 13 C
0.276174550 2 7 13 C
0.314616215 2 7 12 C
0.353927181 2 7 13 C
0.373966776 2 7 14 C
0.529169090 2 7 14 c
0.000260934 1 5 10 B
0.021144559 1 5 9 B
0.051912563 1 5 8 B
0.097916443 1 5 9 B
0.138066597 1 4 9 B
0.159385221 1 5 9 B
0.209950180 1 4 9 B
0.253637090 1 3 9 B
0.270691584 1 2 9 B
0.308714553 1 2 8 B
0.350448358 1 2 9 B
0.399066195 1 2 8 B
0.419556923 1 2 7 B
0.459686057 1 1 7 B
0.606232945 1 1 7 b
0.000325635 7 0 1 H
0.016536407 7 1 1 H
0.057691728 7 0 1 H
0.085312531 7 0 2 H
0.120957195 7 14 2 H
0.166300552 7 14 3 H
0.179809279 7 0 3 H
0.216752394 7 0 4 H
0.236290478 7 14 4 H
0.285170842 7 13 4 H
0.328763136 7 13 5 H
0.377742415 7 14 5 H
0.404414708 7 14 6 H
0.449230500 7 0 6 H
0.481989288 7 0 7 H
0.608613218 7 0 7 h
0.000272072 6 5 0 G
0.025732887 6 5 14 G
0.049260885 6 5 0 G
0.085472176 6 6 0 G
0.109595096 6 6 1 G
0.143255754 6 6 2 G
0.189572353 6 5 2 G
0.213596000 6 4 2 G
0.255903333 6 5 2 G
0.283931690 6 4 2 G
0.304010170 6 4 3 G
0.339754103 6 4 2 G
0.365847074 6 4 3 G
0.385205447 6 4 2 G
0.396895375 6 4 3 G
0.441591754 6 4 4 G
0.461458287 6 5 4 G
0.484758458 6 5 3 G
0.525635898 6 6 3 G
0.543620638 6 7 3 G
0.561581349 6 7 4 G
0.585017329 6 7 3 G
0.609938062 6 7 2 G
0.623935148 6 6 2 G
0.000318224 4 14 4 E
0.043410342 4 13 4 E
0.054437863 4 12 4 E
0.090827315 4 13 4 E
0.114728498 4 12 4 E
0.144788318 4 11 4 E
0.193623963 4 12 4 E
0.239659050 4 12 3 E
0.286630838 4 11 3 E
0.313468627 4 11 2 E
0.350806934 4 10 2 E
0.363226488 4 11 2 E
0.400333635 4 10 2 E
0.448937847 4 11 2 E
0.478331097 4 11 3 E
0.526863667 4 11 4 E
0.568208039 4 10 4 E
0.585026854 4 10 3 E
0.606357670 4 10 2 E
0.641700247 4 11 2 E
0.682850919 4 10 2 E
0.721996867 4 9 2 E
0.733835985 4 8 2 E
0.755546972 4 8 1 E
0.000306468 3 2 3 D
0.033709851 3 2 4 D
0.057698382 3 1 4 D
0.094271376 3 1 3 D
0.125744534 3 0 3 D
0.149519461 3 0 2 D
0.173309191 3 14 2 D
0.192169697 3 14 3 D
0.220909389 3 0 3 D
0.242794366 3 1 3 D
0.270516583 3 1 4 D
0.284104405 3 1 3 D
0.323507266 3 1 4 D
0.359447936 3 1 3 D
0.396836275 3 2 3 D
0.441583577 3 1 3 D
0.457044067 3 1 4 D
0.471571461 3 1 3 D
0.512564645 3 0 3 D
0.550571455 3 0 4 D
0.575529259 3 14 4 D
0.616491313 3 13 4 D
0.627440276 3 13 5 D
0.659948128 3 12 5 D
0.688979428 3 13 5 D
0.739153960 3 13 6 D
0.755626292 3 13 7 D
0.775459464 3 13 6 D
0.796492902 3 13 7 D
0.842441026 3 14 7 D
0.996533858 3 14 7 d
0.000366273 12 11 9 M
0.045739746 12 12 9 M
0.090728700 12 13 9 M
0.137933273 12 14 9 M
0.161932441 12 0 9 M
0.187439693 12 14 9 M
0.218255355 12 14 10 M
0.253629362 12 0 10 M
0.296646698 12 1 10 M
0.319979165 12 1 11 M
0.361783270 12 2 11 M
0.373972943 12 3 11 M
0.424747784 12 3 10 M
0.453986228 12 3 9 M
0.487065942 12 3 10 M
0.516969799 12 4 10 M
0.549389343 12 3 10 M
0.589872489 12 4 10 M
0.639975030 12 4 9 M
0.685559309 12 5 9 M
0.723273424 12 4 9 M
0.772850476 12 4 10 M
0.791056111 12 4 11 M
0.816275012 12 4 12 M
0.846945254 12 3 12 M
0.862270510 12 4 12 M
0.896909585 12 4 11 M
0.947843794 12 3 11 M
0.993947172 12 3 10 M
1.016576615 12 2 10 M
1.067528660 12 2 9 M
1.091835310 12 1 9 M
1.121461403 12 1 8 M
1.138923239 12 0 8 M
1.281677672 12 0 8 m
0.000257756 5 14 7 F
0.027030219 5 14 8 F
0.041778184 5 0 8 F
0.072414050 5 0 7 F
0.090833116 5 1 7 F
0.121311497 5 0 7 F
0.143244784 5 0 6 F
0.162074137 5 1 6 F
0.187255748 5 1 7 F
0.213797087 5 0 7 F
0.240839547 5 0 8 F
0.281424160 5 0 9 F
0.307573435 5 0 8 F
0.343271545 5 0 7 F
0.389755570 5 0 8 F
0.405801416 5 0 9 F
0.424755293 5 14 9 F
0.448945124 5 14 8 F
0.486914246 5 14 7 F
0.537069807 5 13 7 F
0.553375826 5 12 7 F
0.570717800 5 11 7 F
0.586291740 5 12 7 F
0.606229818 5 12 6 F
0.617574856 5 11 6 F
0.656458481 5 10 6 F
0.694434572 5 11 6 F
0.722006782 5 11 7 F
0.766953891 5 10 7 F
0.785840163 5 9 7 F
0.813868109 5 10 7 F
0.863952332 5 10 6 F
0.874981130 5 10 5 F
0.889728995 5 11 5 F
0.908967262 5 12 5 F
0.927615325 5 13 5 F
0.977245329 5 14 5 F
1.008723704 5 14 4 F
1.029434565 5 14 5 F
1.071370355 5 14 6 F
1.086029570 5 14 5 F
1.108922439 5 14 4 F
1.149252396 5 14 5 F
1.170897817 5 14 6 F
1.318461763 5 14 6 f
0.000179347 14 11 7 O
0.017732259 14 10 7 O
0.067647198 14 11 7 O
0.112423215 14 10 7 O
0.160724581 14 9 7 O
0.187573186 14 8 7 O
0.226905017 14 9 7 O
0.257466981 14 10 7 O
0.288909666 14 9 7 O
0.334208150 14 9 6 O
0.377603508 14 9 7 O
0.398909045 14 8 7 O
0.443872660 14 9 7 O
0.484639106 14 8 7 O
0.494865136 14 8 6 O
0.511527575 14 8 5 O
0.558148434 14 9 5 O
0.603943649 14 9 6 O
0.637723524 14 8 6 O
0.663839383 14 8 5 O
0.711633675 14 9 5 O
0.738058289 14 8 5 O
0.769334176 14 7 5 O
0.807338047 14 6 5 O
0.837452422 14 6 6 O
0.887393784 14 7 6 O
0.927713953 14 6 6 O
0.965878811 14 5 6 O
0.996714629 14 4 6 O
1.024575469 14 4 7 O
1.065834066 14 4 8 O
1.091651579 14 5 8 O
1.127280231 14 5 7 O
1.165433331 14 4 7 O
1.178949967 14 3 7 O
1.207722040 14 3 6 O
1.243224039 14 3 7 O
1.259171846 14 3 6 O
1.389541963 14 3 6 o
0.000363070 13 7 7 N
0.028337050 13 7 8 N
0.059943277 13 7 7 N
0.096753284 13 7 6 N
0.141775284 13 7 5 N
0.184500415 13 6 5 N
0.222208521 13 6 6 N
0.267707802 13 5 6 N
0.292945843 13 4 6 N
0.324946464 13 4 7 N
0.353731744 13 4 8 N
0.365724291 13 3 8 N
0.398763205 13 3 7 N
0.449075176 13 3 8 N
0.482147654 13 4 8 N
0.524566313 13 3 8 N
0.551725279 13 3 7 N
0.563124386 13 4 7 N
0.602552757 13 3 7 N
0.641514222 13 2 7 N
0.675672766 13 2 6 N
0.698909465 13 1 6 N
0.723284398 13 1 5 N
0.773952102 13 0 5 N
0.796608722 13 0 4 N
0.833051898 13 0 3 N
0.846935082 13 0 2 N
0.892052105 13 0 1 N
0.929933191 13 0 0 N
0.978605929 13 1 0 N
1.007220875 13 0 0 N
1.020858212 13 1 0 N
1.037793771 13 2 0 N
1.070135602 13 1 0 N
1.115649253 13 1 1 N
1.155963364 13 2 1 N
1.177853251 13 2 0 N
1.206664950 13 2 1 N
1.247623119 13 2 0 N
1.281780682 13 2 14 N
1.307062811 13 2 0 N
1.318231628 13 2 1 N
1.346821329 13 3 1 N
1.371872008 13 3 0 N
1.396192932 13 3 14 N
1.419235981 13 2 14 N
0.000191936 0 13 2 A
0.024496264 0 12 2 A
0.066486222 0 11 2 A
0.102875145 0 11 1 A
0.150715826 0 12 1 A
0.174847221 0 11 1 A
0.196946684 0 11 0 A
0.208999357 0 11 1 A
0.253781755 0 12 1 A
0.284113116 0 12 2 A
0.329922691 0 12 1 A
0.354709073 0 12 2 A
0.382691631 0 12 1 A
0.400493103 0 11 1 A
0.436815348 0 12 1 A
0.466572596 0 12 2 A
0.504562311 0 12 1 A
0.551719188 0 12 2 A
0.591441631 0 12 3 A
0.634438969 0 12 2 A
0.692691793 0 11 2 A
0.733840753 0 11 3 A
0.782278100 0 11 4 A
0.796602329 0 11 3 A
0.817729308 0 11 2 A
0.866266364 0 11 1 A
0.893576062 0 11 0 A
0.909165918 0 11 14 A
0.931306056 0 11 0 A
0.960058970 0 10 0 A
0.987300644 0 10 14 A
1.007229680 0 10 13 A
1.035195719 0 10 12 A
1.057547511 0 11 12 A
1.072490691 0 11 13 A
1.104187999 0 10 13 A
1.140446977 0 10 12 A
1.170724405 0 9 12 A
1.198287281 0 9 13 A
1.232305046 0 10 13 A
1.253908009 0 10 14 A
1.290914784 0 11 14 A
1.328617564 0 10 14 A
1.371716973 0 10 0 A
1.385856383 0 10 1 A
1.410722422 0 10 2 A
1.428827441 0 9 2 A
1.473489192 0 10 2 A
1.523910839 0 11 2 A
1.558409044 0 11 3 A
1.605829500 0 11 2 A
1.622465167 0 12 2 A
1.656777411 0 12 3 A
1.687460209 0 12 4 A
1.716793023 0 13 4 A
1.758425449 0 13 5 A
1.776880082 0 13 6 A
1.896547534 0 13 6 a
