-1 15 15 15
0.000235557 8 14 12 I
0.132608923 8 14 12 i
0.000349959 10 14 13 K
0.137448352 10 14 13 k
0.000332041 12 6 1 M
0.027366373 12 6 2 M
0.055405318 12 6 3 M
0.067997069 12 6 4 M
0.103962860 12 7 4 M
0.221893858 12 7 4 m
0.000203584 7 9 3 H
0.030778629 7 8 3 H
0.063734526 7 7 3 H
0.082991593 7 7 4 H
0.100635128 7 7 5 H
0.245861037 7 7 5 h
0.000371922 3 2 14 D
0.012654046 3 3 14 D
0.045524919 3 3 13 D
0.069284974 3 3 12 D
0.115281753 3 3 13 D
0.128629605 3 3 14 D
0.156215826 3 4 14 D
0.166865246 3 4 13 D
0.283828657 3 4 13 d
0.000200565 14 4 12 O
0.048378432 14 4 13 O
0.095199453 14 4 14 O
0.121756310 14 4 0 O
0.173765581 14 4 14 O
0.308447166 14 4 14 o
0.000241858 0 2 11 A
0.023757041 0 1 11 A
0.036780619 0 2 11 A
0.055248370 0 2 12 A
0.083282434 0 2 11 A
0.123489602 0 3 11 A
0.152726373 0 3 12 A
0.184987188 0 4 12 A
0.340704773 0 4 12 a
0.000399190 11 13 2 L
0.022463442 11 13 3 L
0.046661831 11 13 4 L
0.089882644 11 13 5 L
0.112880926 11 12 5 L
0.152895194 11 12 6 L
0.192245898 11 13 6 L
0.226732263 11 13 5 L
0.364720870 11 13 5 l
0.000178238 4 12 5 E
0.035547096 4 13 5 E
0.084658026 4 12 5 E
0.095060785 4 12 4 E
0.121927051 4 13 4 E
0.193736870 4 13 3 E
0.239755995 4 13 4 E
0.375606592 4 13 4 e
0.000305198 6 9 12 G
0.013883030 6 10 12 G
0.041799595 6 9 12 G
0.086278704 6 10 12 G
0.129799056 6 11 12 G
0.150011475 6 12 12 G
0.190672344 6 12 13 G
0.201939767 6 11 13 G
0.250449009 6 11 12 G
0.270100546 6 10 12 G
0.301825745 6 9 12 G
0.337184034 6 8 12 G
0.373166735 6 8 11 G
0.410240460 6 9 11 G
0.451428750 6 9 10 G
0.477600521 6 10 10 G
0.491783606 6 10 11 G
0.535966011 6 10 10 G
0.000285174 1 7 10 B
0.015079038 1 7 9 B
0.032014280 1 7 8 B
0.053176371 1 7 9 B
0.079452746 1 8 9 B
0.100770779 1 8 10 B
0.124688502 1 8 11 B
0.173711161 1 9 11 B
0.195229339 1 9 10 B
0.215312689 1 9 9 B
0.226722761 1 9 10 B
0.261599477 1 10 10 B
0.279162996 1 9 10 B
0.320395133 1 10 10 B
0.334864482 1 10 9 B
0.380173339 1 10 8 B
0.406442910 1 9 8 B
0.443829586 1 10 8 B
0.471115236 1 10 9 B
0.506985996 1 11 9 B
0.525029434 1 11 10 B
0.544672804 1 11 9 B
0.583953556 1 11 10 B
0.624613709 1 12 10 B
0.669817001 1 12 11 B
0.691704142 1 11 11 B
0.724874153 1 10 11 B
0.867139561 1 10 11 b
0.000366925 13 10 1 N
0.036901972 13 9 1 N
0.058780359 13 10 1 N
0.086476551 13 11 1 N
0.110543089 13 11 2 N
0.133826186 13 10 2 N
0.182760129 13 10 1 N
0.197837891 13 10 2 N
0.237470219 13 10 3 N
0.270993842 13 9 3 N
0.312758270 13 8 3 N
0.352698677 13 8 4 N
0.391918771 13 9 4 N
0.442671845 13 8 4 N
0.456178131 13 8 5 N
0.486974561 13 8 6 N
0.530591689 13 9 6 N
0.569783049 13 9 7 N
0.607958882 13 9 6 N
0.624807165 13 10 6 N
0.674477205 13 9 6 N
0.714893186 13 9 5 N
0.729459898 13 9 6 N
0.748050386 13 10 6 N
0.781883456 13 10 7 N
0.818199932 13 10 6 N
0.835829065 13 11 6 N
0.856906940 13 11 7 N
0.890605935 13 10 7 N
0.932161292 13 11 7 N
0.956187795 13 12 7 N
0.000273423 9 12 0 J
0.040528078 9 13 0 J
0.061299373 9 12 0 J
0.086285696 9 13 0 J
0.129806881 9 14 0 J
0.172561750 9 14 1 J
0.201756948 9 0 1 J
0.234898754 9 0 0 J
0.255336723 9 14 0 J
0.280456852 9 0 0 J
0.330910856 9 0 14 J
0.341879673 9 0 13 J
0.376881149 9 1 13 J
0.414522562 9 1 14 J
0.456441328 9 1 0 J
0.494067823 9 1 14 J
0.518553271 9 2 14 J
0.562330531 9 2 0 J
0.586704629 9 2 1 J
0.614996265 9 2 0 J
0.651988172 9 2 14 J
0.667510255 9 2 0 J
0.691896078 9 2 1 J
0.726560183 9 3 1 J
0.759776741 9 2 1 J
0.803009496 9 3 1 J
0.852264231 9 2 1 J
0.889133712 9 3 1 J
0.913171489 9 2 1 J
0.933420915 9 3 1 J
0.968714360 9 3 0 J
0.989437626 9 4 0 J
1.145366954 9 4 0 j
0.000337350 2 10 4 C
0.048488891 2 11 4 C
0.093744611 2 11 3 C
0.117002542 2 12 3 C
0.140193325 2 13 3 C
0.189574951 2 13 2 C
0.201707483 2 14 2 C
0.242023327 2 14 1 C
0.288026058 2 13 1 C
0.312769245 2 13 2 C
0.359295879 2 14 2 C
0.385206253 2 14 3 C
0.404838614 2 13 3 C
0.439262998 2 14 3 C
0.464740776 2 0 3 C
0.490625900 2 14 3 C
0.530650722 2 13 3 C
0.557654071 2 14 3 C
0.599584910 2 0 3 C
0.624621317 2 1 3 C
0.637030463 2 1 2 C
0.681921404 2 0 2 C
0.705258710 2 0 3 C
0.716440211 2 0 4 C
0.729252751 2 0 5 C
0.772213277 2 0 6 C
0.816622229 2 1 6 C
0.839258879 2 0 6 C
0.869524043 2 14 6 C
0.896613666 2 0 6 C
0.927875408 2 0 7 C
0.969864402 2 14 7 C
1.000736991 2 14 8 C
1.031992521 2 13 8 C
1.071486764 2 13 9 C
1.117522462 2 13 10 C
1.132588410 2 13 11 C
1.161978545 2 13 10 C
1.209285000 2 14 10 C
1.248485763 2 14 11 C
1.383633732 2 14 11 c
0.000251487 5 3 6 F
0.050838807 5 2 6 F
0.080661881 5 2 7 F
0.094911798 5 1 7 F
0.143909084 5 1 6 F
0.173771109 5 1 7 F
0.201945980 5 1 8 F
0.242208159 5 1 7 F
0.267287484 5 2 7 F
0.309749064 5 2 8 F
0.339551669 5 2 7 F
0.380523256 5 3 7 F
0.398476478 5 3 6 F
0.417879706 5 3 7 F
0.431449353 5 3 6 F
0.452583748 5 2 6 F
0.502627362 5 3 6 F
0.530601438 5 4 6 F
0.581669104 5 4 7 F
0.609232679 5 4 8 F
0.639639918 5 5 8 F
0.661673465 5 5 7 F
0.683235968 5 5 6 F
0.719156947 5 6 6 F
0.763104574 5 6 7 F
0.809694747 5 6 6 F
0.828990273 5 6 7 F
0.863541115 5 6 8 F
0.892963742 5 6 9 F
0.937903027 5 7 9 F
0.986155703 5 7 10 F
1.005231343 5 7 9 F
1.019640898 5 6 9 F
1.051455749 5 6 10 F
1.096728568 5 6 11 F
1.125054588 5 5 11 F
1.147728966 5 5 10 F
1.176565961 5 4 10 F
1.197831723 5 4 11 F
1.213836619 5 4 10 F
1.260958976 5 5 10 F
1.293333411 5 5 11 F
1.337551349 5 5 12 F
1.388078723 5 5 13 F
1.428368673 5 5 14 F
1.476845694 5 5 13 F
1.629440874 5 5 13 f
