-1  35  15  15
 0.002762170  17  15  15 H
 0.003356538  24  3  5 O
 0.041152647  24  3  4 O
 0.062675797  24  15  15 O
 0.002255421  12  5  11 C
 0.033885507  12  6  11 C
 0.053973639  12  5  11 C
 0.077324899  12  6  11 C
 0.100371756  12  6  10 C
 0.133074464  12  15  15 C
 0.003098821  21  14  2 L
 0.036448066  21  13  2 L
 0.069478152  21  14  2 L
 0.115280243  21  0  2 L
 0.140611900  21  15  15 L
 0.001823156  10  14  0 A
 0.203026598  10  15  15 A
 0.002608277  16  0  11 G
 0.341955735  16  0  11 g
 0.002439919  14  0  9 E
 0.028321947  14  0  10 E
 0.365637110  14  0  10 e
 0.003015163  20  0  0 K
 0.203041301  20  14  0 K
 0.403211110  20  15  15 K
 0.002930168  19  1  4 J
 0.028804078  19  1  3 J
 0.053403321  19  1  4 J
 0.075897352  19  1  5 J
 0.097924665  19  1  4 J
 0.133381894  19  2  4 J
 0.174962673  19  2  3 J
 0.216882248  19  1  3 J
 0.245183777  19  1  4 J
 0.281079889  19  1  5 J
 0.311243462  19  2  5 J
 0.349024356  19  2  4 J
 0.360281027  19  2  3 J
 0.381873432  19  1  3 J
 0.421606945  19  15  15 J
 0.049413807  25  2  4 0
 0.133370101  25  2  3 0
 0.174953141  25  2  2 0
 0.575619118  25  15  15 0
 0.002520443  15  2  8 F
 0.025262340  15  2  9 F
 0.064326945  15  1  9 F
 0.084411211  15  2  9 F
 0.104461346  15  3  9 F
 0.122925852  15  2  9 F
 0.203469335  15  3  9 F
 0.228359513  15  3  8 F
 0.266273537  15  3  9 F
 0.293583665  15  3  10 F
 0.329623059  15  2  10 F
 0.346210821  15  3  10 F
 0.361354209  15  3  9 F
 0.392053048  15  3  8 F
 0.423261185  15  4  8 F
 0.447749736  15  4  9 F
 0.458828826  15  3  9 F
 0.476024775  15  3  10 F
 0.505908528  15  3  9 F
 0.524196984  15  4  9 F
 0.564562193  15  5  9 F
 0.609154140  15  15  15 F
 0.111158516  26  4  9 1
 0.203335331  26  4  8 1
 0.215253448  26  4  7 1
 0.615803303  26  15  15 1
 0.130267659  32  3  10 7
 0.293528041  32  2  10 7
 0.329574134  32  2  9 7
 0.630298218  32  15  15 7
 0.162794857  34  3  11 9
 0.663843992  34  15  15 9
 0.106274973  28  11  4 3
 0.379632988  28  11  5 3
 0.680565264  28  15  15 3
 0.002353452  13  11  7 D
 0.050602222  13  10  7 D
 0.097766258  13  9  7 D
 0.135358765  13  8  7 D
 0.146831611  13  8  6 D
 0.185196921  13  8  5 D
 0.231999060  13  8  6 D
 0.278569232  13  8  5 D
 0.300352095  13  7  5 D
 0.328358242  13  7  6 D
 0.397382234  13  7  7 D
 0.708404407  13  7  7 d
 0.215872061  30  6  14 5
 0.716931469  30  15  15 5
 0.003178648  22  8  9 M
 0.033400784  22  9  9 M
 0.049075279  22  8  9 M
 0.095567066  22  8  8 M
 0.146946165  22  8  7 M
 0.158694611  22  7  7 M
 0.176747610  22  7  6 M
 0.216860611  22  7  5 M
 0.233323288  22  7  6 M
 0.283337625  22  7  7 M
 0.328327077  22  7  8 M
 0.356351837  22  7  7 M
 0.397237130  22  6  7 M
 0.733423609  22  6  7 m
 0.286880717  29  3  4 4
 0.788024891  29  15  15 4
 0.346352873  31  7  12 6
 0.847565429  31  15  15 6
 0.002846594  18  5  5 I
 0.039239205  18  5  6 I
 0.059638228  18  5  7 I
 0.098537890  18  4  7 I
 0.113003777  18  4  8 I
 0.134531304  18  3  8 I
 0.156545022  18  3  9 I
 0.203423621  18  4  9 I
 0.215259207  18  4  8 I
 0.257258252  18  5  8 I
 0.288370201  18  5  7 I
 0.330349733  18  5  6 I
 0.360740478  18  6  6 I
 0.406608715  18  5  6 I
 0.451039542  18  6  6 I
 0.470917941  18  7  6 I
 0.487163531  18  6  6 I
 0.497628542  18  7  6 I
 0.516583217  18  8  6 I
 0.529911753  18  8  7 I
 0.860886466  18  8  7 i
 0.445665403  33  4  5 8
 0.946834963  33  15  15 8
 0.437441186  27  13  2 2
 0.838747730  27  13  1 2
 0.885503032  27  13  0 2
 0.985846388  27  15  15 2
