-1  15  15  15
 0.002139577  5  5  5  F
 0.030815550  5  6  5  F
 0.067798061  5  7  5  F
 0.086679571  5  8  5  F
 0.110341564  5  9  5  F
 0.154659151  5  10  5  F
 0.176148498  5  11  5  F
 0.217725835  5  12  5  F
 0.231683108  5  13  5  F
 0.258147438  5  14  5  F
 0.336685000  5  0  5  F
 0.386146220  5  1  5  F
 0.399555599  5  2  5  F
 0.419518993  5  3  5  F
 0.447183919  5  4  5  F
 0.475391805  5  5  5  F
 0.515463963  5  6  5  F
 0.543115247  5  7  5  F
 0.577598520  5  8  5  F
 0.594153483  5  9  5  F
 0.631259187  5  10  5  F
 0.675636367  5  11  5  F
 0.739203656  5  12  5  F
 0.002533590  9  9  9  J
 0.019426173  9  8  9  J
 0.067256538  9  7  9  J
 0.113353317  9  6  9  J
 0.142011515  9  5  9  J
 0.174768412  9  4  9  J
 0.203476309  9  3  9  J
 0.214665791  9  2  9  J
 0.230077880  9  1  9  J
 0.256485505  9  0  9  J
 0.281209037  9  14  9  J
 0.314914119  9  13  9  J
 0.327000428  9  12  9  J
 0.366341083  9  11  9  J
 0.387122019  9  10  9  J
 0.429816446  9  9  9  J
 0.459563671  9  8  9  J
 0.495761034  9  7  9  J
 0.536438277  9  6  9  J
 0.568606612  9  5  9  J
 0.582028458  9  4  9  J
 0.620503926  9  3  9  J
 0.635427824  9  2  9  J
 0.667734728  9  1  9  J
 0.679419283  9  0  9  J
 0.720479616  9  14  9  J
 0.745585265  9  13  9  J
 0.002662321  10  10  10  K
 0.028928979  10  10  9  K
 0.040503594  10  10  8  K
 0.067202113  10  10  7  K
 0.091878725  10  10  6  K
 0.102920829  10  10  5  K
 0.114387516  10  10  4  K
 0.128088941  10  10  3  K
 0.159164561  10  10  2  K
 0.200930416  10  10  1  K
 0.234282043  10  10  0  K
 0.253341334  10  10  14  K
 0.292350308  10  10  13  K
 0.330353825  10  10  12  K
 0.372480119  10  10  11  K
 0.421511351  10  10  10  K
 0.432519938  10  10  9  K
 0.464448507  10  10  8  K
 0.478529588  10  10  7  K
 0.495632255  10  10  6  K
 0.541544450  10  10  5  K
 0.585758456  10  10  4  K
 0.619006932  10  10  3  K
 0.630873164  10  10  2  K
 0.649931929  10  10  1  K
 0.673760099  10  10  0  K
 0.717454220  10  10  14  K
 0.756034146  10  10  13  K
 0.770614389  10  10  12  K
 0.784431870  10  10  11  K
 0.001930750  3  3  3  D
 0.051387516  3  4  3  D
 0.097627730  3  5  3  D
 0.117754353  3  6  3  D
 0.147151111  3  7  3  D
 0.188805745  3  8  3  D
 0.228118053  3  9  3  D
 0.244660054  3  10  3  D
 0.262371006  3  11  3  D
 0.311186129  3  12  3  D
 0.340518918  3  13  3  D
 0.353640764  3  14  3  D
 0.415915964  3  0  3  D
 0.430128082  3  1  3  D
 0.462805908  3  2  3  D
 0.510145968  3  3  3  D
 0.546406464  3  4  3  D
 0.581946189  3  5  3  D
 0.614561808  3  6  3  D
 0.644721253  3  7  3  D
 0.679674457  3  8  3  D
 0.714288679  3  9  3  D
 0.750671496  3  10  3  D
 0.787421244  3  11  3  D
 0.811232357  3  12  3  D
 0.002754836  11  11  11  L
 0.015597470  11  10  11  L
 0.042726145  11  9  11  L
 0.085738562  11  8  11  L
 0.102167482  11  7  11  L
 0.135385267  11  6  11  L
 0.162397060  11  5  11  L
 0.195234160  11  4  11  L
 0.228903369  11  3  11  L
 0.247425532  11  2  11  L
 0.280738049  11  1  11  L
 0.305017194  11  0  11  L
 0.354740727  11  14  11  L
 0.392251924  11  13  11  L
 0.426402464  11  12  11  L
 0.471117815  11  11  11  L
 0.492931499  11  10  11  L
 0.529612370  11  9  11  L
 0.547599190  11  8  11  L
 0.570471348  11  7  11  L
 0.600476098  11  6  11  L
 0.632654058  11  5  11  L
 0.675890177  11  4  11  L
 0.706987776  11  3  11  L
 0.721768882  11  2  11  L
 0.761209150  11  1  11  L
 0.788914660  11  0  11  L
 0.799755120  11  14  11  L
 0.817074217  11  13  11  L
 0.827726399  11  12  11  L
 0.875504145  11  11  11  L
 1.003435530  11  11  11  l
 0.002779457  12  12  12  M
 0.031107640  12  12  11  M
 0.069049480  12  12  10  M
 0.104892786  12  12  9  M
 0.122023102  12  12  8  M
 0.151332306  12  12  7  M
 0.177681347  12  12  6  M
 0.194648683  12  12  5  M
 0.211254483  12  12  4  M
 0.260557229  12  12  3  M
 0.283932342  12  12  2  M
 0.323455453  12  12  1  M
 0.341470151  12  12  0  M
 0.369090616  12  12  14  M
 0.384582507  12  12  13  M
 0.403600689  12  12  12  M
 0.473261097  12  12  11  M
 0.517925294  12  12  10  M
 0.545157968  12  12  9  M
 0.569462931  12  12  8  M
 0.591794222  12  12  7  M
 0.641120446  12  12  6  M
 0.664608279  12  12  5  M
 0.714309286  12  12  4  M
 0.744425732  12  12  3  M
 0.764652341  12  12  2  M
 0.787426348  12  12  1  M
 0.834330684  12  12  0  M
 0.859407652  12  12  14  M
 0.908239747  12  12  13  M
 0.919366657  12  12  12  M
 0.946461881  12  12  11  M
 0.995364563  12  12  10  M
 1.045386154  12  12  9  M
 1.075884220  12  12  8  M
 1.086468523  12  12  7  M
 0.002330828  7  7  7  H
 0.104251991  7  6  7  H
 0.145361249  7  5  7  H
 0.179194931  7  4  7  H
 0.225256418  7  3  7  H
 0.239905615  7  2  7  H
 0.256004605  7  1  7  H
 0.292245076  7  0  7  H
 0.315424643  7  14  7  H
 0.341872993  7  13  7  H
 0.376499299  7  12  7  H
 0.409744653  7  11  7  H
 0.446039959  7  10  7  H
 0.456716206  7  9  7  H
 0.492246751  7  8  7  H
 0.526936818  7  7  7  H
 0.553194966  7  6  7  H
 0.574700826  7  5  7  H
 0.588367514  7  4  7  H
 0.630253353  7  3  7  H
 0.662764931  7  2  7  H
 0.688661731  7  1  7  H
 0.715054411  7  0  7  H
 0.739174435  7  14  7  H
 0.754477350  7  13  7  H
 0.793509239  7  12  7  H
 0.833030473  7  11  7  H
 0.846518598  7  10  7  H
 0.867948442  7  9  7  H
 0.891213762  7  8  7  H
 0.906897557  7  7  7  H
 0.947603755  7  6  7  H
 0.974684715  7  5  7  H
 0.996482790  7  4  7  H
 1.007826081  7  3  7  H
 1.046585747  7  2  7  H
 1.066263808  7  1  7  H
 1.103262011  7  0  7  H
 1.122704161  7  14  7  H
 1.138401813  7  13  7  H
 1.281108650  7  13  7  h
 0.002246539  6  6  6  G
 0.036654452  6  6  7  G
 0.086684867  6  6  8  G
 0.166814814  6  6  9  G
 0.195967326  6  6  10  G
 0.242406057  6  6  11  G
 0.277173130  6  6  12  G
 0.301061851  6  6  13  G
 0.327658672  6  6  14  G
 0.361807798  6  6  0  G
 0.381493292  6  6  1  G
 0.423462216  6  6  2  G
 0.462367054  6  6  3  G
 0.474497296  6  6  4  G
 0.564394420  6  6  5  G
 0.584074729  6  6  6  G
 0.613099283  6  6  7  G
 0.655744093  6  6  8  G
 0.686747765  6  6  9  G
 0.697263869  6  6  10  G
 0.746356181  6  6  11  G
 0.773329543  6  6  12  G
 0.796779695  6  6  13  G
 0.831500656  6  6  14  G
 0.859377021  6  6  0  G
 0.896513151  6  6  1  G
 0.926105687  6  6  2  G
 0.945068023  6  6  3  G
 0.972189040  6  6  4  G
 0.998485008  6  6  5  G
 1.012947299  6  6  6  G
 1.028151184  6  6  7  G
 1.077792844  6  6  8  G
 1.090625481  6  6  9  G
 1.105588934  6  6  10  G
 1.127315606  6  6  11  G
 1.160032955  6  6  12  G
 1.178272592  6  6  13  G
 1.195924823  6  6  14  G
 1.238881865  6  6  0  G
 1.286011084  6  6  1  G
 1.297631299  6  6  2  G
 1.317112099  6  6  3  G
 1.363674497  6  6  4  G
 0.002915812  14  14  14  O
 0.018727757  14  14  0  O
 0.067245155  14  14  1  O
 0.078163601  14  14  2  O
 0.115867776  14  14  3  O
 0.155227261  14  14  4  O
 0.172313245  14  14  5  O
 0.189291896  14  14  6  O
 0.212052794  14  14  7  O
 0.228106858  14  14  8  O
 0.238376973  14  14  9  O
 0.255744070  14  14  10  O
 0.305522086  14  14  11  O
 0.328553539  14  14  12  O
 0.359307872  14  14  13  O
 0.373496976  14  14  14  O
 0.401523853  14  14  0  O
 0.475236695  14  14  1  O
 0.499559031  14  14  2  O
 0.545712703  14  14  3  O
 0.595505250  14  14  4  O
 0.620582983  14  14  5  O
 0.659376852  14  14  6  O
 0.682352634  14  14  7  O
 0.727932535  14  14  8  O
 0.770248864  14  14  9  O
 0.790727743  14  14  10  O
 0.837645041  14  14  11  O
 0.854604797  14  14  12  O
 0.881541241  14  14  13  O
 0.906946654  14  14  14  O
 0.927279451  14  14  0  O
 0.996978640  14  14  1  O
 1.036281406  14  14  2  O
 1.046904442  14  14  3  O
 1.086266824  14  14  4  O
 1.130364150  14  14  5  O
 1.174791385  14  14  6  O
 1.211657223  14  14  7  O
 1.241233478  14  14  8  O
 1.251616636  14  14  9  O
 1.295101885  14  14  10  O
 1.312896569  14  14  11  O
 1.337823803  14  14  12  O
 1.387412124  14  14  13  O
 1.408353058  14  14  14  O
 1.432387648  14  14  0  O
 1.469161695  14  14  1  O
 1.505442080  14  14  2  O
 1.540572102  14  14  3  O
 1.559007146  14  14  4  O
 1.587037800  14  14  5  O
 1.608368881  14  14  6  O
 1.645461555  14  14  7  O
 1.671646903  14  14  8  O
 1.688792381  14  14  9  O
 1.730229711  14  14  10  O
 1.772089111  14  14  11  O
 1.796366202  14  14  12  O
 0.002852846  13  13  13  N
 0.043184288  13  14  13  N
 0.109987282  13  0  13  N
 0.158287268  13  1  13  N
 0.202098521  13  2  13  N
 0.234453191  13  3  13  N
 0.270328311  13  4  13  N
 0.287301949  13  5  13  N
 0.343376048  13  6  13  N
 0.370070206  13  7  13  N
 0.397480820  13  8  13  N
 0.444825671  13  9  13  N
 0.492491620  13  10  13  N
 0.525531573  13  11  13  N
 0.536346611  13  12  13  N
 0.573533813  13  13  13  N
 0.589343115  13  14  13  N
 0.632038964  13  0  13  N
 0.647590119  13  1  13  N
 0.682538309  13  2  13  N
 0.727894705  13  3  13  N
 0.749146739  13  4  13  N
 0.780970136  13  5  13  N
 0.841070742  13  6  13  N
 0.881519122  13  7  13  N
 0.896353279  13  8  13  N
 0.916780725  13  9  13  N
 0.940878729  13  10  13  N
 0.980330072  13  11  13  N
 1.018930806  13  12  13  N
 1.046696398  13  13  13  N
 1.096769138  13  14  13  N
 1.140644134  13  0  13  N
 1.174644778  13  1  13  N
 1.250865182  13  2  13  N
 1.289094882  13  3  13  N
 1.312192901  13  4  13  N
 1.350447018  13  5  13  N
 1.398514216  13  6  13  N
 1.430456617  13  7  13  N
 1.463761270  13  8  13  N
 1.488668685  13  9  13  N
 1.516197638  13  10  13  N
 1.529944264  13  11  13  N
 1.547889566  13  12  13  N
 1.577545518  13  13  13  N
 1.593517941  13  14  13  N
 1.614197445  13  0  13  N
 1.662441417  13  1  13  N
 1.689609116  13  2  13  N
 1.733053809  13  3  13  N
 1.771417122  13  4  13  N
 1.805905618  13  5  13  N
 1.836161832  13  6  13  N
 0.001733082  1  1  1  B
 0.015152376  1  2  1  B
 0.055066773  1  3  1  B
 0.136385464  1  4  1  B
 0.148934212  1  5  1  B
 0.174063030  1  6  1  B
 0.184771167  1  7  1  B
 0.198350866  1  8  1  B
 0.248454809  1  9  1  B
 0.260112073  1  10  1  B
 0.309651552  1  11  1  B
 0.356813435  1  12  1  B
 0.375108748  1  13  1  B
 0.423167269  1  14  1  B
 0.442568473  1  0  1  B
 0.453622778  1  1  1  B
 0.498921715  1  2  1  B
 0.511913542  1  3  1  B
 0.526090774  1  4  1  B
 0.574710386  1  5  1  B
 0.594677981  1  6  1  B
 0.627799721  1  7  1  B
 0.666524393  1  8  1  B
 0.716605076  1  9  1  B
 0.742469030  1  10  1  B
 0.789615783  1  11  1  B
 0.856384376  1  12  1  B
 0.906437852  1  13  1  B
 0.947120134  1  14  1  B
 0.973993347  1  0  1  B
 0.989885488  1  1  1  B
 1.039697014  1  2  1  B
 1.063289265  1  3  1  B
 1.108777575  1  4  1  B
 1.126299655  1  5  1  B
 1.175765139  1  6  1  B
 1.204397836  1  7  1  B
 1.223823046  1  8  1  B
 1.245537395  1  9  1  B
 1.292313083  1  10  1  B
 1.332767663  1  11  1  B
 1.348963617  1  12  1  B
 1.371071494  1  13  1  B
 1.413332042  1  14  1  B
 1.443188288  1  0  1  B
 1.456007547  1  1  1  B
 1.493349190  1  2  1  B
 1.519978428  1  3  1  B
 1.558529608  1  4  1  B
 1.603774862  1  5  1  B
 1.648022481  1  6  1  B
 1.682968699  1  7  1  B
 1.724605523  1  8  1  B
 1.735183625  1  9  1  B
 1.749488562  1  10  1  B
 1.764045765  1  11  1  B
 1.804615248  1  12  1  B
 1.845093761  1  13  1  B
 1.856071017  1  14  1  B
 1.879708390  1  0  1  B
 1.905433178  1  1  1  B
 1.921557119  1  2  1  B
 1.940881412  1  3  1  B
 1.969132037  1  4  1  B
 2.019196340  1  5  1  B
 2.036355589  1  6  1  B
 2.068508904  1  7  1  B
 2.082458893  1  8  1  B
 2.126042350  1  9  1  B
 2.137896198  1  10  1  B
 0.001655108  0  0  0  A
 0.027900192  0  0  14  A
 0.068252057  0  0  13  A
 0.084387749  0  0  12  A
 0.112111202  0  0  11  A
 0.152211368  0  0  10  A
 0.170633260  0  0  9  A
 0.211977892  0  0  8  A
 0.234631600  0  0  7  A
 0.278978593  0  0  6  A
 0.296528495  0  0  5  A
 0.335403146  0  0  4  A
 0.375934773  0  0  3  A
 0.410622664  0  0  2  A
 0.471422561  0  0  1  A
 0.489661599  0  0  0  A
 0.529337553  0  0  14  A
 0.539819547  0  0  13  A
 0.553628426  0  0  12  A
 0.600003995  0  0  11  A
 0.615641567  0  0  10  A
 0.629950898  0  0  9  A
 0.640759514  0  0  8  A
 0.664742878  0  0  7  A
 0.695986643  0  0  6  A
 0.729191652  0  0  5  A
 0.763144876  0  0  4  A
 0.793453525  0  0  3  A
 0.824355531  0  0  2  A
 0.836998177  0  0  1  A
 0.880818568  0  0  0  A
 0.911169635  0  0  14  A
 0.933739599  0  0  13  A
 0.959003993  0  0  12  A
 0.977703587  0  0  11  A
 1.009358244  0  0  10  A
 1.042385586  0  0  9  A
 1.054263123  0  0  8  A
 1.073865206  0  0  7  A
 1.086085427  0  0  6  A
 1.110978833  0  0  5  A
 1.124892037  0  0  4  A
 1.144077944  0  0  3  A
 1.156196898  0  0  2  A
 1.171935086  0  0  1  A
 1.220698897  0  0  0  A
 1.245808562  0  0  14  A
 1.295099102  0  0  13  A
 1.315255955  0  0  12  A
 1.359322101  0  0  11  A
 1.383868814  0  0  10  A
 1.420826230  0  0  9  A
 1.452904924  0  0  8  A
 1.501925790  0  0  7  A
 1.520310716  0  0  6  A
 1.554638537  0  0  5  A
 1.572638235  0  0  4  A
 1.601106431  0  0  3  A
 1.639242148  0  0  2  A
 1.680522694  0  0  1  A
 1.692400882  0  0  0  A
 1.713495929  0  0  14  A
 1.744818776  0  0  13  A
 1.762703895  0  0  12  A
 1.788070097  0  0  11  A
 1.821765049  0  0  10  A
 1.861598746  0  0  9  A
 1.884213610  0  0  8  A
 1.910575132  0  0  7  A
 1.921556582  0  0  6  A
 1.966358553  0  0  5  A
 2.003745830  0  0  4  A
 2.043992154  0  0  3  A
 2.088642978  0  0  2  A
 2.123198437  0  0  1  A
 2.160923214  0  0  0  A
 0.001862699  2  2  2  C
 0.077288492  2  2  1  C
 0.126017433  2  2  0  C
 0.160765459  2  2  14  C
 0.256768123  2  2  13  C
 0.292602415  2  2  12  C
 0.334408178  2  2  11  C
 0.370230983  2  2  10  C
 0.399934363  2  2  9  C
 0.447563467  2  2  8  C
 0.495278300  2  2  7  C
 0.507369025  2  2  6  C
 0.534880866  2  2  5  C
 0.563901903  2  2  4  C
 0.588196108  2  2  3  C
 0.631222378  2  2  2  C
 0.657974494  2  2  1  C
 0.680269074  2  2  0  C
 0.697281197  2  2  14  C
 0.737222497  2  2  13  C
 0.784566179  2  2  12  C
 0.821026203  2  2  11  C
 0.852639886  2  2  10  C
 0.864529037  2  2  9  C
 0.882117107  2  2  8  C
 0.902170300  2  2  7  C
 0.943490323  2  2  6  C
 0.960666508  2  2  5  C
 0.978381566  2  2  4  C
 0.995928114  2  2  3  C
 1.043235506  2  2  2  C
 1.087948613  2  2  1  C
 1.107559082  2  2  0  C
 1.150494004  2  2  14  C
 1.180019811  2  2  13  C
 1.222651365  2  2  12  C
 1.253039038  2  2  11  C
 1.269177000  2  2  10  C
 1.308566282  2  2  9  C
 1.325248312  2  2  8  C
 1.368159204  2  2  7  C
 1.402157758  2  2  6  C
 1.420254458  2  2  5  C
 1.435491080  2  2  4  C
 1.484488652  2  2  3  C
 1.510206828  2  2  2  C
 1.527040784  2  2  1  C
 1.567422076  2  2  0  C
 1.604380399  2  2  14  C
 1.618440245  2  2  13  C
 1.667100799  2  2  12  C
 1.713918202  2  2  11  C
 1.762392996  2  2  10  C
 1.810221575  2  2  9  C
 1.845345572  2  2  8  C
 1.874558588  2  2  7  C
 1.903497629  2  2  6  C
 1.944390105  2  2  5  C
 1.958891042  2  2  4  C
 1.997387649  2  2  3  C
 2.022443815  2  2  2  C
 2.040178947  2  2  1  C
 2.086285287  2  2  0  C
 2.099891740  2  2  14  C
 2.148330806  2  2  13  C
 2.177358428  2  2  12  C
 2.194126424  2  2  11  C
 2.220975056  2  2  10  C
 2.263531304  2  2  9  C
 2.291133855  2  2  8  C
 2.327527817  2  2  7  C
 2.377044001  2  2  6  C
 2.390440288  2  2  5  C
 2.401862576  2  2  4  C
 2.443421511  2  2  3  C
 2.492164882  2  2  2  C
 0.001998729  4  4  4  E
 0.023931499  4  4  3  E
 0.050057612  4  4  2  E
 0.090464770  4  4  1  E
 0.112490557  4  4  0  E
 0.138708072  4  4  14  E
 0.155573465  4  4  13  E
 0.181896578  4  4  12  E
 0.246597330  4  4  11  E
 0.265068227  4  4  10  E
 0.288092695  4  4  9  E
 0.314224194  4  4  8  E
 0.339705868  4  4  7  E
 0.382998443  4  4  6  E
 0.411361061  4  4  5  E
 0.444915861  4  4  4  E
 0.457825399  4  4  3  E
 0.479766893  4  4  2  E
 0.595301598  4  4  1  E
 0.637298780  4  4  0  E
 0.687591450  4  4  14  E
 0.713325751  4  4  13  E
 0.748077179  4  4  12  E
 0.778948755  4  4  11  E
 0.795540652  4  4  10  E
 0.810999565  4  4  9  E
 0.827778961  4  4  8  E
 0.839789106  4  4  7  E
 0.865333914  4  4  6  E
 0.886347903  4  4  5  E
 0.935372942  4  4  4  E
 0.945955110  4  4  3  E
 0.977620548  4  4  2  E
 1.005014109  4  4  1  E
 1.034719227  4  4  0  E
 1.069071160  4  4  14  E
 1.108987813  4  4  13  E
 1.132749617  4  4  12  E
 1.177556397  4  4  11  E
 1.220629475  4  4  10  E
 1.268134303  4  4  9  E
 1.288331713  4  4  8  E
 1.337984226  4  4  7  E
 1.351883373  4  4  6  E
 1.363233421  4  4  5  E
 1.403194841  4  4  4  E
 1.423050905  4  4  3  E
 1.466014727  4  4  2  E
 1.480635142  4  4  1  E
 1.527055288  4  4  0  E
 1.559555352  4  4  14  E
 1.582359959  4  4  13  E
 1.596150197  4  4  12  E
 1.643340768  4  4  11  E
 1.660067015  4  4  10  E
 1.681338631  4  4  9  E
 1.725268527  4  4  8  E
 1.749947991  4  4  7  E
 1.792249330  4  4  6  E
 1.815901712  4  4  5  E
 1.858915520  4  4  4  E
 1.895139253  4  4  3  E
 1.933288439  4  4  2  E
 2.035407147  4  4  1  E
 2.083041766  4  4  0  E
 2.126970867  4  4  14  E
 2.151681841  4  4  13  E
 2.178440991  4  4  12  E
 2.213799715  4  4  11  E
 2.233800030  4  4  10  E
 2.273337684  4  4  9  E
 2.318639531  4  4  8  E
 2.352180101  4  4  7  E
 2.393895463  4  4  6  E
 2.443015542  4  4  5  E
 2.472612274  4  4  4  E
 2.509992462  4  4  3  E
 0.002454275  8  8  8  I
 0.038521440  8  8  7  I
 0.065694921  8  8  6  I
 0.132995024  8  8  5  I
 0.163037586  8  8  4  I
 0.236566595  8  8  3  I
 0.272939905  8  8  2  I
 0.296803872  8  8  1  I
 0.346537877  8  8  0  I
 0.392254424  8  8  14  I
 0.447343707  8  8  13  I
 0.463737187  8  8  12  I
 0.474711340  8  8  11  I
 0.503559172  8  8  10  I
 0.530616887  8  8  9  I
 0.553547282  8  8  8  I
 0.584654289  8  8  7  I
 0.609389085  8  8  6  I
 0.655576266  8  8  5  I
 0.704913039  8  8  4  I
 0.741177832  8  8  3  I
 0.752028294  8  8  2  I
 0.795021470  8  8  1  I
 0.820412956  8  8  0  I
 0.833434220  8  8  14  I
 0.848556924  8  8  13  I
 0.872722219  8  8  12  I
 0.916788283  8  8  11  I
 0.954498293  8  8  10  I
 0.993157149  8  8  9  I
 1.031028348  8  8  8  I
 1.072605510  8  8  7  I
 1.087740104  8  8  6  I
 1.128535576  8  8  5  I
 1.176288003  8  8  4  I
 1.202050564  8  8  3  I
 1.213888587  8  8  2  I
 1.265407062  8  8  1  I
 1.286460316  8  8  0  I
 1.315380143  8  8  14  I
 1.331949593  8  8  13  I
 1.345012036  8  8  12  I
 1.371020675  8  8  11  I
 1.421126253  8  8  10  I
 1.460268943  8  8  9  I
 1.504718799  8  8  8  I
 1.543300814  8  8  7  I
 1.576482714  8  8  6  I
 1.598451633  8  8  5  I
 1.642143451  8  8  4  I
 1.685460545  8  8  3  I
 1.729248938  8  8  2  I
 1.739940655  8  8  1  I
 1.765616216  8  8  0  I
 1.800421301  8  8  14  I
 1.823210536  8  8  13  I
 1.849259124  8  8  12  I
 1.869362655  8  8  11  I
 1.887774152  8  8  10  I
 1.931114257  8  8  9  I
 1.978452039  8  8  8  I
 2.005870839  8  8  7  I
 2.043684164  8  8  6  I
 2.082353229  8  8  5  I
 2.109133304  8  8  4  I
 2.151472811  8  8  3  I
 2.172046482  8  8  2  I
 2.190758336  8  8  1  I
 2.202613213  8  8  0  I
 2.214738174  8  8  14  I
 2.235089841  8  8  13  I
 2.278037076  8  8  12  I
 2.297475746  8  8  11  I
 2.343741515  8  8  10  I
 2.358743618  8  8  9  I
 2.371234065  8  8  8  I
 2.413639133  8  8  7  I
 2.432061237  8  8  6  I
 2.481918451  8  8  5  I
 2.513495063  8  8  4  I
 2.558392229  8  8  3  I
 2.604923487  8  8  2  I
 2.620144861  8  8  1  I
 2.656649673  8  8  0  I
 2.704615452  8  8  14  I
 2.748990610  8  8  13  I
 2.773717476  8  8  12  I
 2.800162335  8  8  11  I
 2.829974723  8  8  10  I
 2.851003544  8  8  9  I
 2.875887346  8  8  8  I
 2.908299489  8  8  7  I
