-1  15  15  15
 0.001780408  6  6  6  G
 0.029859205  6  6  7  G
 0.050574477  6  6  8  G
 0.099416406  6  6  9  G
 0.119186696  6  6  10  G
 0.148684114  6  6  11  G
 0.197681245  6  6  12  G
 0.219443334  6  6  13  G
 0.255415046  6  6  14  G
 0.295585273  6  6  0  G
 0.329568170  6  6  1  G
 0.377474021  6  6  2  G
 0.390575836  6  6  3  G
 0.436232073  6  6  4  G
 0.450059981  6  6  5  G
 0.472015637  6  6  6  G
 0.498968670  6  6  7  G
 0.525599016  6  6  8  G
 0.540718983  6  6  9  G
 0.572706124  6  6  10  G
 0.603414752  6  6  11  G
 0.645632184  6  6  12  G
 0.663987511  6  6  13  G
 0.691301508  6  6  14  G
 0.717835962  6  6  0  G
 0.001748954  3  3  3  D
 0.015939415  3  4  3  D
 0.043838535  3  5  3  D
 0.077404425  3  6  3  D
 0.120093543  3  7  3  D
 0.132615702  3  8  3  D
 0.175419393  3  9  3  D
 0.220768027  3  10  3  D
 0.232655482  3  11  3  D
 0.255682104  3  12  3  D
 0.268979847  3  13  3  D
 0.293799598  3  14  3  D
 0.335231407  3  0  3  D
 0.349115725  3  1  3  D
 0.399203694  3  2  3  D
 0.410503967  3  3  3  D
 0.451069565  3  4  3  D
 0.478469334  3  5  3  D
 0.509348949  3  6  3  D
 0.543808157  3  7  3  D
 0.587337824  3  8  3  D
 0.621049661  3  9  3  D
 0.642393593  3  10  3  D
 0.676013026  3  11  3  D
 0.710045345  3  12  3  D
 0.724503133  3  13  3  D
 0.742433296  3  14  3  D
 0.782359182  3  0  3  D
 0.801892257  3  1  3  D
 0.815447484  3  2  3  D
 0.852698021  3  3  3  D
 0.900830235  3  4  3  D
 0.945262923  3  5  3  D
 0.963035151  3  6  3  D
 1.005294375  3  7  3  D
 1.029529534  3  8  3  D
 0.001760287  4  4  4  E
 0.026294722  4  4  5  E
 0.054713685  4  4  6  E
 0.095837621  4  4  7  E
 0.143415231  4  4  8  E
 0.191494804  4  4  9  E
 0.225552524  4  4  10  E
 0.246122956  4  4  11  E
 0.273790690  4  4  12  E
 0.311699360  4  4  13  E
 0.335128972  4  4  14  E
 0.383017059  4  4  0  E
 0.427122655  4  4  1  E
 0.468435105  4  4  2  E
 0.505754290  4  4  3  E
 0.528131234  4  4  4  E
 0.543940958  4  4  5  E
 0.565977533  4  4  6  E
 0.602079082  4  4  7  E
 0.639134523  4  4  8  E
 0.661636094  4  4  9  E
 0.701694235  4  4  10  E
 0.738845535  4  4  11  E
 0.778162089  4  4  12  E
 0.795354635  4  4  13  E
 0.829134815  4  4  14  E
 0.860806761  4  4  0  E
 0.888415628  4  4  1  E
 0.899455393  4  4  2  E
 0.971976243  4  4  3  E
 0.985118183  4  4  4  E
 1.066271112  4  4  5  E
 1.103248574  4  4  6  E
 1.130782424  4  4  7  E
 1.168152935  4  4  8  E
 0.001829346  11  11  11  L
 0.051826898  11  10  11  L
 0.098156136  11  9  11  L
 0.108867379  11  8  11  L
 0.141538173  11  7  11  L
 0.199419622  11  6  11  L
 0.220584900  11  5  11  L
 0.290973852  11  4  11  L
 0.327213505  11  3  11  L
 0.355690295  11  2  11  L
 0.389300779  11  1  11  L
 0.431214344  11  0  11  L
 0.455704539  11  14  11  L
 0.496637074  11  13  11  L
 0.534583327  11  12  11  L
 0.546108856  11  11  11  L
 0.568977893  11  10  11  L
 0.591999535  11  9  11  L
 0.686154143  11  8  11  L
 0.727138345  11  7  11  L
 0.743585577  11  6  11  L
 0.763726118  11  5  11  L
 0.785117535  11  4  11  L
 0.813218823  11  3  11  L
 0.846662481  11  2  11  L
 0.871764777  11  1  11  L
 0.895076206  11  0  11  L
 0.922201634  11  14  11  L
 0.955540985  11  13  11  L
 0.990895567  11  12  11  L
 1.037822530  11  11  11  L
 1.085454900  11  10  11  L
 1.118752234  11  9  11  L
 1.132245692  11  8  11  L
 1.178153660  11  7  11  L
 1.224981900  11  6  11  L
 1.249694882  11  5  11  L
 1.274351837  11  4  11  L
 0.001800034  8  8  8  I
 0.035218403  8  8  9  I
 0.082998736  8  8  10  I
 0.148431323  8  8  11  I
 0.190821881  8  8  12  I
 0.214226522  8  8  13  I
 0.231539782  8  8  14  I
 0.257846864  8  8  0  I
 0.302949015  8  8  1  I
 0.343452401  8  8  2  I
 0.372366529  8  8  3  I
 0.406350959  8  8  4  I
 0.438880830  8  8  5  I
 0.456572583  8  8  6  I
 0.480700609  8  8  7  I
 0.515671489  8  8  8  I
 0.541481623  8  8  9  I
 0.560957048  8  8  10  I
 0.605530799  8  8  11  I
 0.655372376  8  8  12  I
 0.689373148  8  8  13  I
 0.734950646  8  8  14  I
 0.749587611  8  8  0  I
 0.766434056  8  8  1  I
 0.783642045  8  8  2  I
 0.826631632  8  8  3  I
 0.876469010  8  8  4  I
 0.925975968  8  8  5  I
 0.946067163  8  8  6  I
 0.995172993  8  8  7  I
 1.017524369  8  8  8  I
 1.067122323  8  8  9  I
 1.097167188  8  8  10  I
 1.215264279  8  8  11  I
 1.239463875  8  8  12  I
 1.287041781  8  8  13  I
 1.334219784  8  8  14  I
 1.347004480  8  8  0  I
 1.385210055  8  8  1  I
 1.399173206  8  8  2  I
 1.558163798  8  8  2  i
 0.001857991  14  14  14  O
 0.027834098  14  14  13  O
 0.050397507  14  14  12  O
 0.065975909  14  14  11  O
 0.092568696  14  14  10  O
 0.109833905  14  14  9  O
 0.146020937  14  14  8  O
 0.175123444  14  14  7  O
 0.204581364  14  14  6  O
 0.226571739  14  14  5  O
 0.275367574  14  14  4  O
 0.359813611  14  14  3  O
 0.408303109  14  14  2  O
 0.431203782  14  14  1  O
 0.470298804  14  14  0  O
 0.501578031  14  14  14  O
 0.531678365  14  14  13  O
 0.553778482  14  14  12  O
 0.599901609  14  14  11  O
 0.641420177  14  14  10  O
 0.670441004  14  14  9  O
 0.683941215  14  14  8  O
 0.716999273  14  14  7  O
 0.763970493  14  14  6  O
 0.797974009  14  14  5  O
 0.839783360  14  14  4  O
 0.865996278  14  14  3  O
 0.882624838  14  14  2  O
 0.914682240  14  14  1  O
 0.950459138  14  14  0  O
 0.977694401  14  14  14  O
 0.996699016  14  14  13  O
 1.026278610  14  14  12  O
 1.058959495  14  14  11  O
 1.069253454  14  14  10  O
 1.114072863  14  14  9  O
 1.148744253  14  14  8  O
 1.167528415  14  14  7  O
 1.200424890  14  14  6  O
 1.213272304  14  14  5  O
 1.225340296  14  14  4  O
 1.244659750  14  14  3  O
 1.287887960  14  14  2  O
 1.333161163  14  14  1  O
 1.348144124  14  14  0  O
 1.381413705  14  14  14  O
 1.431405126  14  14  13  O
 1.445359510  14  14  12  O
 1.490771619  14  14  11  O
 1.531700395  14  14  10  O
 1.574236059  14  14  9  O
 1.591313207  14  14  8  O
 1.617998389  14  14  7  O
 1.646592970  14  14  6  O
 1.668833989  14  14  5  O
 1.685603488  14  14  4  O
 1.731133755  14  14  3  O
 1.767430647  14  14  2  O
 1.799268485  14  14  1  O
 1.837972854  14  14  0  O
 1.861107166  14  14  14  O
 1.903748685  14  14  13  O
 1.916681712  14  14  12  O
 1.935250868  14  14  11  O
 1.973138295  14  14  10  O
 1.987811728  14  14  9  O
 0.001810222  9  9  9  J
 0.041275042  9  10  9  J
 0.089155829  9  11  9  J
 0.137663742  9  12  9  J
 0.154999328  9  13  9  J
 0.173594147  9  14  9  J
 0.207361015  9  0  9  J
 0.224269447  9  1  9  J
 0.288527841  9  2  9  J
 0.309605814  9  3  9  J
 0.325358080  9  4  9  J
 0.335872440  9  5  9  J
 0.376788392  9  6  9  J
 0.413879298  9  7  9  J
 0.442426336  9  8  9  J
 0.463999037  9  9  9  J
 0.499064807  9  10  9  J
 0.538121504  9  11  9  J
 0.561046166  9  12  9  J
 0.581716951  9  13  9  J
 0.623721441  9  14  9  J
 0.659097721  9  0  9  J
 0.670950729  9  1  9  J
 0.694865761  9  2  9  J
 0.723047477  9  3  9  J
 0.755821551  9  4  9  J
 0.785233174  9  5  9  J
 0.827200092  9  6  9  J
 0.850870156  9  7  9  J
 0.885634894  9  8  9  J
 0.905440393  9  9  9  J
 0.925970089  9  10  9  J
 0.972995806  9  11  9  J
 0.995142536  9  12  9  J
 1.030090465  9  13  9  J
 1.047801674  9  14  9  J
 1.059389616  9  0  9  J
 1.100826435  9  1  9  J
 1.122631894  9  2  9  J
 1.136837128  9  3  9  J
 1.182990739  9  4  9  J
 1.207490130  9  5  9  J
 1.241339503  9  6  9  J
 1.289527932  9  7  9  J
 1.321762750  9  8  9  J
 1.349600269  9  9  9  J
 1.366068719  9  10  9  J
 1.379127922  9  11  9  J
 1.419496304  9  12  9  J
 1.445970995  9  13  9  J
 1.470273559  9  14  9  J
 1.484834942  9  0  9  J
 1.510830359  9  1  9  J
 1.524326242  9  2  9  J
 1.549004114  9  3  9  J
 1.578776350  9  4  9  J
 1.619559230  9  5  9  J
 1.654517478  9  6  9  J
 1.682025600  9  7  9  J
 1.711944778  9  8  9  J
 1.749113281  9  9  9  J
 1.760995729  9  10  9  J
 1.794126523  9  11  9  J
 1.836876437  9  12  9  J
 1.887166696  9  13  9  J
 1.905648689  9  14  9  J
 1.944371593  9  0  9  J
 1.956462257  9  1  9  J
 1.985015496  9  2  9  J
 2.032987272  9  3  9  J
 2.060421308  9  4  9  J
 2.077248322  9  5  9  J
 0.001790194  7  7  7  H
 0.014403552  7  8  7  H
 0.034483446  7  9  7  H
 0.052746617  7  10  7  H
 0.093821713  7  11  7  H
 0.133542970  7  12  7  H
 0.154619966  7  13  7  H
 0.215142382  7  14  7  H
 0.229829941  7  0  7  H
 0.278597736  7  1  7  H
 0.378082186  7  2  7  H
 0.415489307  7  3  7  H
 0.459880398  7  4  7  H
 0.508143342  7  5  7  H
 0.538220357  7  6  7  H
 0.566642693  7  7  7  H
 0.601287733  7  8  7  H
 0.622556501  7  9  7  H
 0.666618163  7  10  7  H
 0.683117571  7  11  7  H
 0.705066030  7  12  7  H
 0.732680385  7  13  7  H
 0.777138987  7  14  7  H
 0.819042406  7  0  7  H
 0.831633610  7  1  7  H
 0.880094890  7  2  7  H
 0.893959260  7  3  7  H
 0.937697191  7  4  7  H
 0.978334796  7  5  7  H
 0.990331314  7  6  7  H
 1.019867245  7  7  7  H
 1.036151686  7  8  7  H
 1.076361358  7  9  7  H
 1.118977832  7  10  7  H
 1.159137496  7  11  7  H
 1.198515244  7  12  7  H
 1.219029062  7  13  7  H
 1.264726610  7  14  7  H
 1.277702112  7  0  7  H
 1.304972226  7  1  7  H
 1.338366252  7  2  7  H
 1.350844924  7  3  7  H
 1.382892521  7  4  7  H
 1.424422055  7  5  7  H
 1.470075470  7  6  7  H
 1.502740972  7  7  7  H
 1.539457419  7  8  7  H
 1.563416195  7  9  7  H
 1.588457570  7  10  7  H
 1.612496052  7  11  7  H
 1.625371029  7  12  7  H
 1.659163229  7  13  7  H
 1.674059459  7  14  7  H
 1.709517094  7  0  7  H
 1.734862725  7  1  7  H
 1.830008002  7  2  7  H
 1.879755412  7  3  7  H
 1.898062789  7  4  7  H
 1.926246197  7  5  7  H
 1.939080575  7  6  7  H
 1.966415487  7  7  7  H
 1.989463051  7  8  7  H
 2.024114095  7  9  7  H
 2.039733744  7  10  7  H
 2.079200620  7  11  7  H
 2.096664284  7  12  7  H
 2.107347162  7  13  7  H
 2.150337748  7  14  7  H
 2.188520009  7  0  7  H
 0.001848613  13  13  13  N
 0.032574441  13  12  13  N
 0.044066927  13  11  13  N
 0.147562199  13  10  13  N
 0.186087278  13  9  13  N
 0.239131839  13  8  13  N
 0.252625710  13  7  13  N
 0.281590053  13  6  13  N
 0.314827006  13  5  13  N
 0.366893185  13  4  13  N
 0.416783325  13  3  13  N
 0.457397248  13  2  13  N
 0.487514529  13  1  13  N
 0.520282882  13  0  13  N
 0.559663837  13  14  13  N
 0.605827432  13  13  13  N
 0.617649739  13  12  13  N
 0.652405989  13  11  13  N
 0.701860971  13  10  13  N
 0.732989906  13  9  13  N
 0.761026017  13  8  13  N
 0.789317701  13  7  13  N
 0.831718645  13  6  13  N
 0.851754142  13  5  13  N
 0.895477551  13  4  13  N
 0.922052238  13  3  13  N
 0.962977183  13  2  13  N
 0.990099967  13  1  13  N
 1.022681370  13  0  13  N
 1.053051181  13  14  13  N
 1.069064837  13  13  13  N
 1.108342533  13  12  13  N
 1.142834447  13  11  13  N
 1.160235752  13  10  13  N
 1.206296439  13  9  13  N
 1.249349597  13  8  13  N
 1.284286159  13  7  13  N
 1.298453649  13  6  13  N
 1.312743315  13  5  13  N
 1.339807686  13  4  13  N
 1.366990798  13  3  13  N
 1.407240811  13  2  13  N
 1.423984247  13  1  13  N
 1.472703758  13  0  13  N
 1.497988798  13  14  13  N
 1.531664446  13  13  13  N
 1.602794549  13  12  13  N
 1.638075914  13  11  13  N
 1.677403960  13  10  13  N
 1.724826634  13  9  13  N
 1.773595190  13  8  13  N
 1.807993061  13  7  13  N
 1.846034086  13  6  13  N
 1.860237746  13  5  13  N
 1.888255936  13  4  13  N
 1.926430624  13  3  13  N
 1.938045107  13  2  13  N
 1.984382048  13  1  13  N
 2.019802134  13  0  13  N
 2.057008773  13  14  13  N
 2.088578077  13  13  13  N
 2.104325284  13  12  13  N
 2.139437780  13  11  13  N
 2.171151522  13  10  13  N
 2.187891237  13  9  13  N
 2.200761436  13  8  13  N
 0.001839337  12  12  12  M
 0.059149341  12  12  13  M
 0.100615036  12  12  14  M
 0.150602811  12  12  0  M
 0.170095167  12  12  1  M
 0.191680687  12  12  2  M
 0.213719202  12  12  3  M
 0.255460660  12  12  4  M
 0.302643215  12  12  5  M
 0.328801601  12  12  6  M
 0.346988979  12  12  7  M
 0.360610474  12  12  8  M
 0.408298933  12  12  9  M
 0.442945097  12  12  10  M
 0.467672765  12  12  11  M
 0.507317385  12  12  12  M
 0.517685216  12  12  13  M
 0.557421857  12  12  14  M
 0.589792737  12  12  0  M
 0.632296111  12  12  1  M
 0.642996239  12  12  2  M
 0.675439077  12  12  3  M
 0.691500893  12  12  4  M
 0.720378968  12  12  5  M
 0.734413734  12  12  6  M
 0.776002173  12  12  7  M
 0.802896991  12  12  8  M
 0.848087131  12  12  9  M
 0.870056226  12  12  10  M
 0.908210699  12  12  11  M
 0.945351403  12  12  12  M
 0.984434616  12  12  13  M
 1.032147341  12  12  14  M
 1.072685478  12  12  0  M
 1.103016843  12  12  1  M
 1.134823782  12  12  2  M
 1.156152514  12  12  3  M
 1.202427080  12  12  4  M
 1.235695902  12  12  5  M
 1.281851442  12  12  6  M
 1.302688721  12  12  7  M
 1.334429389  12  12  8  M
 1.358405581  12  12  9  M
 1.400851918  12  12  10  M
 1.446067794  12  12  11  M
 1.488105019  12  12  12  M
 1.531631862  12  12  13  M
 1.578710886  12  12  14  M
 1.593965821  12  12  0  M
 1.631646326  12  12  1  M
 1.656748038  12  12  2  M
 1.674190314  12  12  3  M
 1.711043592  12  12  4  M
 1.754433638  12  12  5  M
 1.775009171  12  12  6  M
 1.801598390  12  12  7  M
 1.842288375  12  12  8  M
 1.891620725  12  12  9  M
 1.935955228  12  12  10  M
 1.950202381  12  12  11  M
 1.996695630  12  12  12  M
 2.015722444  12  12  13  M
 2.044983524  12  12  14  M
 2.066665256  12  12  0  M
 2.094839755  12  12  1  M
 2.138184906  12  12  2  M
 2.174105844  12  12  3  M
 2.217041574  12  12  4  M
 2.228727310  12  12  5  M
 2.251215563  12  12  6  M
 2.280978833  12  12  7  M
 2.292584379  12  12  8  M
 2.331539330  12  12  9  M
 2.366452265  12  12  10  M
 2.393364940  12  12  11  M
 2.424991661  12  12  12  M
 0.001819728  10  10  10  K
 0.012524334  10  10  11  K
 0.033903591  10  10  12  K
 0.072121859  10  10  13  K
 0.112184554  10  10  14  K
 0.141242174  10  10  0  K
 0.182758512  10  10  1  K
 0.208158456  10  10  2  K
 0.234062862  10  10  3  K
 0.248204086  10  10  4  K
 0.274710781  10  10  5  K
 0.309610912  10  10  6  K
 0.339455559  10  10  7  K
 0.352491731  10  10  8  K
 0.384005489  10  10  9  K
 0.430073742  10  10  10  K
 0.451201638  10  10  11  K
 0.485454551  10  10  12  K
 0.505839284  10  10  13  K
 0.530683725  10  10  14  K
 0.560294711  10  10  0  K
 0.608081096  10  10  1  K
 0.640469164  10  10  2  K
 0.683614580  10  10  3  K
 0.708098958  10  10  4  K
 0.736660740  10  10  5  K
 0.773846684  10  10  6  K
 0.817578931  10  10  7  K
 0.867169704  10  10  8  K
 0.908398491  10  10  9  K
 0.924604293  10  10  10  K
 0.950333455  10  10  11  K
 0.972456941  10  10  12  K
 1.001985262  10  10  13  K
 1.014027082  10  10  14  K
 1.038640139  10  10  0  K
 1.053163772  10  10  1  K
 1.096504147  10  10  2  K
 1.143203258  10  10  3  K
 1.166564009  10  10  4  K
 1.195000384  10  10  5  K
 1.217781567  10  10  6  K
 1.252817772  10  10  7  K
 1.269143880  10  10  8  K
 1.302848878  10  10  9  K
 1.333641298  10  10  10  K
 1.367759523  10  10  11  K
 1.404552122  10  10  12  K
 1.436151661  10  10  13  K
 1.448876946  10  10  14  K
 1.498102550  10  10  0  K
 1.535856238  10  10  1  K
 1.584417691  10  10  2  K
 1.610611381  10  10  3  K
 1.657220083  10  10  4  K
 1.690804243  10  10  5  K
 1.728654619  10  10  6  K
 1.753244210  10  10  7  K
 1.786998254  10  10  8  K
 1.802216237  10  10  9  K
 1.824360104  10  10  10  K
 1.839005610  10  10  11  K
 1.861309792  10  10  12  K
 1.877365244  10  10  13  K
 1.903804550  10  10  14  K
 1.940987395  10  10  0  K
 1.961060266  10  10  1  K
 2.009525051  10  10  2  K
 2.025862179  10  10  3  K
 2.041834223  10  10  4  K
 2.073003875  10  10  5  K
 2.090127102  10  10  6  K
 2.110838028  10  10  7  K
 2.128650159  10  10  8  K
 2.145735893  10  10  9  K
 2.181593302  10  10  10  K
 2.212202888  10  10  11  K
 2.234839130  10  10  12  K
 2.248208671  10  10  13  K
 2.268955374  10  10  14  K
 2.290967798  10  10  0  K
 2.316947856  10  10  1  K
 2.363512510  10  10  2  K
 2.375027394  10  10  3  K
 2.405656952  10  10  4  K
 2.427020784  10  10  5  K
 2.449740763  10  10  6  K
 2.461406103  10  10  7  K
 2.507813464  10  10  8  K
 2.525674289  10  10  9  K
 2.540222532  10  10  10  K
 0.001771118  5  5  5  F
 0.049355521  5  6  5  F
 0.087142221  5  7  5  F
 0.102141547  5  8  5  F
 0.135125904  5  9  5  F
 0.177270330  5  10  5  F
 0.200387219  5  11  5  F
 0.231126711  5  12  5  F
 0.280650972  5  13  5  F
 0.322571281  5  14  5  F
 0.368570605  5  0  5  F
 0.408834204  5  1  5  F
 0.427198942  5  2  5  F
 0.461882589  5  3  5  F
 0.505788472  5  4  5  F
 0.519199545  5  5  5  F
 0.537303777  5  6  5  F
 0.568858562  5  7  5  F
 0.596951022  5  8  5  F
 0.633097854  5  9  5  F
 0.673700498  5  10  5  F
 0.711961618  5  11  5  F
 0.757056027  5  12  5  F
 0.787162481  5  13  5  F
 0.848861963  5  14  5  F
 0.898289450  5  0  5  F
 0.913204937  5  1  5  F
 0.951296011  5  2  5  F
 0.966471088  5  3  5  F
 1.013998536  5  4  5  F
 1.063391328  5  5  5  F
 1.085421503  5  6  5  F
 1.106813608  5  7  5  F
 1.134134973  5  8  5  F
 1.172723351  5  9  5  F
 1.220163746  5  10  5  F
 1.231508441  5  11  5  F
 1.289646233  5  12  5  F
 1.301953546  5  13  5  F
 1.341552957  5  14  5  F
 1.387384713  5  0  5  F
 1.410656061  5  1  5  F
 1.447561989  5  2  5  F
 1.471372282  5  3  5  F
 1.500816165  5  4  5  F
 1.550402624  5  5  5  F
 1.598604209  5  6  5  F
 1.611693117  5  7  5  F
 1.642121421  5  8  5  F
 1.683592711  5  9  5  F
 1.736345059  5  10  5  F
 1.753102958  5  11  5  F
 1.784017236  5  12  5  F
 1.806970362  5  13  5  F
 1.856295939  5  14  5  F
 1.893482965  5  0  5  F
 1.930940763  5  1  5  F
 1.962860932  5  2  5  F
 2.012873166  5  3  5  F
 2.050502064  5  4  5  F
 2.077181039  5  5  5  F
 2.095498853  5  6  5  F
 2.126168684  5  7  5  F
 2.171395550  5  8  5  F
 2.182083227  5  9  5  F
 2.232099211  5  10  5  F
 2.252027618  5  11  5  F
 2.278805806  5  12  5  F
 2.300007801  5  13  5  F
 2.325397935  5  14  5  F
 2.349520457  5  0  5  F
 2.377216939  5  1  5  F
 2.406835228  5  2  5  F
 2.452327044  5  3  5  F
 2.489144870  5  4  5  F
 2.531443865  5  5  5  F
 2.548714009  5  6  5  F
 2.579126123  5  7  5  F
 0.001670659  0  0  0  A
 0.012450729  0  0  1  A
 0.042473373  0  0  2  A
 0.067319535  0  0  3  A
 0.089131193  0  0  4  A
 0.113476740  0  0  5  A
 0.149198179  0  0  6  A
 0.177558367  0  0  7  A
 0.220661434  0  0  8  A
 0.266049401  0  0  9  A
 0.311201909  0  0  10  A
 0.345555929  0  0  11  A
 0.369252505  0  0  12  A
 0.415628127  0  0  13  A
 0.451576084  0  0  14  A
 0.468542364  0  0  0  A
 0.483427130  0  0  1  A
 0.523009625  0  0  2  A
 0.542668926  0  0  3  A
 0.571442196  0  0  4  A
 0.583666546  0  0  5  A
 0.596324361  0  0  6  A
 0.639235816  0  0  7  A
 0.683751112  0  0  8  A
 0.723087080  0  0  9  A
 0.749157886  0  0  10  A
 0.762456190  0  0  11  A
 0.777031188  0  0  12  A
 0.799606694  0  0  13  A
 0.849419417  0  0  14  A
 0.863867470  0  0  0  A
 0.888812578  0  0  1  A
 0.931236011  0  0  2  A
 0.963117798  0  0  3  A
 0.986415573  0  0  4  A
 1.025026856  0  0  5  A
 1.065861660  0  0  6  A
 1.091302942  0  0  7  A
 1.110839183  0  0  8  A
 1.126286560  0  0  9  A
 1.168976840  0  0  10  A
 1.216870572  0  0  11  A
 1.247820178  0  0  12  A
 1.284561341  0  0  13  A
 1.296815918  0  0  14  A
 1.327442925  0  0  0  A
 1.370459202  0  0  1  A
 1.387283916  0  0  2  A
 1.436669919  0  0  3  A
 1.482396045  0  0  4  A
 1.498741709  0  0  5  A
 1.515607548  0  0  6  A
 1.541834474  0  0  7  A
 1.580699017  0  0  8  A
 1.617637973  0  0  9  A
 1.650620099  0  0  10  A
 1.697326633  0  0  11  A
 1.730804636  0  0  12  A
 1.742966950  0  0  13  A
 1.761985409  0  0  14  A
 1.790995749  0  0  0  A
 1.839009412  0  0  1  A
 1.879776519  0  0  2  A
 1.928264746  0  0  3  A
 1.946103874  0  0  4  A
 1.973205215  0  0  5  A
 1.990059837  0  0  6  A
 2.032983489  0  0  7  A
 2.069333992  0  0  8  A
 2.099308599  0  0  9  A
 2.134605766  0  0  10  A
 2.165117108  0  0  11  A
 2.200059404  0  0  12  A
 2.234974121  0  0  13  A
 2.252656003  0  0  14  A
 2.276498217  0  0  0  A
 2.312263182  0  0  1  A
 2.347969483  0  0  2  A
 2.376815989  0  0  3  A
 2.400194608  0  0  4  A
 2.434259962  0  0  5  A
 2.475010846  0  0  6  A
 2.660018530  0  0  6  a
 0.001738394  2  2  2  C
 0.020024043  2  2  1  C
 0.041942576  2  2  0  C
 0.071024903  2  2  14  C
 0.109016241  2  2  13  C
 0.133539773  2  2  12  C
 0.165296614  2  2  11  C
 0.206845414  2  2  10  C
 0.243744535  2  2  9  C
 0.271062462  2  2  8  C
 0.318451188  2  2  7  C
 0.337643525  2  2  6  C
 0.376266959  2  2  5  C
 0.425137473  2  2  4  C
 0.444798179  2  2  3  C
 0.468288717  2  2  2  C
 0.513265888  2  2  1  C
 0.559027303  2  2  0  C
 0.602942434  2  2  14  C
 0.622396122  2  2  13  C
 0.642641584  2  2  12  C
 0.690155423  2  2  11  C
 0.712204864  2  2  10  C
 0.750554475  2  2  9  C
 0.794059229  2  2  8  C
 0.814199305  2  2  7  C
 0.853454982  2  2  6  C
 0.895607136  2  2  5  C
 0.944626832  2  2  4  C
 0.967640570  2  2  3  C
 0.995052684  2  2  2  C
 1.034766783  2  2  1  C
 1.083817512  2  2  0  C
 1.124611578  2  2  14  C
 1.141330907  2  2  13  C
 1.177835233  2  2  12  C
 1.190820059  2  2  11  C
 1.226589518  2  2  10  C
 1.247040586  2  2  9  C
 1.275675528  2  2  8  C
 1.294397243  2  2  7  C
 1.331377418  2  2  6  C
 1.374000276  2  2  5  C
 1.405598092  2  2  4  C
 1.422789040  2  2  3  C
 1.461359666  2  2  2  C
 1.478529802  2  2  1  C
 1.499366290  2  2  0  C
 1.537790455  2  2  14  C
 1.576863189  2  2  13  C
 1.608620415  2  2  12  C
 1.654986414  2  2  11  C
 1.674860558  2  2  10  C
 1.703215230  2  2  9  C
 1.738488703  2  2  8  C
 1.766233641  2  2  7  C
 1.809002139  2  2  6  C
 1.821397951  2  2  5  C
 1.851009273  2  2  4  C
 1.868725202  2  2  3  C
 1.905028082  2  2  2  C
 1.939673103  2  2  1  C
 1.987010727  2  2  0  C
 2.015448836  2  2  14  C
 2.054381133  2  2  13  C
 2.091446084  2  2  12  C
 2.110657123  2  2  11  C
 2.135493336  2  2  10  C
 2.149772073  2  2  9  C
 2.197468305  2  2  8  C
 2.246510992  2  2  7  C
 2.267500717  2  2  6  C
 2.280581302  2  2  5  C
 2.311213250  2  2  4  C
 2.324548888  2  2  3  C
 2.338869305  2  2  2  C
 2.366446313  2  2  1  C
 2.414066662  2  2  0  C
 2.441405652  2  2  14  C
 2.462231108  2  2  13  C
 2.482744116  2  2  12  C
 2.506890788  2  2  11  C
 2.530683731  2  2  10  C
 2.570072919  2  2  9  C
 2.594657866  2  2  8  C
 2.607455211  2  2  7  C
 2.629000231  2  2  6  C
 2.678129118  2  2  5  C
 2.697056921  2  2  4  C
 2.724771524  2  2  3  C
 2.752290547  2  2  2  C
 2.767412414  2  2  1  C
 2.786622538  2  2  0  C
 2.807345018  2  2  14  C
 2.823451506  2  2  13  C
 0.001682705  1  1  1  B
 0.057989137  1  2  1  B
 0.094075500  1  3  1  B
 0.120216608  1  4  1  B
 0.154840844  1  5  1  B
 0.175512486  1  6  1  B
 0.199743118  1  7  1  B
 0.249732855  1  8  1  B
 0.284171527  1  9  1  B
 0.325353289  1  10  1  B
 0.354157344  1  11  1  B
 0.378483230  1  12  1  B
 0.417308305  1  13  1  B
 0.500747298  1  14  1  B
 0.547993912  1  0  1  B
 0.594982190  1  1  1  B
 0.625196003  1  2  1  B
 0.642644501  1  3  1  B
 0.692867152  1  4  1  B
 0.736961530  1  5  1  B
 0.785203230  1  6  1  B
 0.799003335  1  7  1  B
 0.821467173  1  8  1  B
 0.870533680  1  9  1  B
 0.902878558  1  10  1  B
 0.929332929  1  11  1  B
 0.967818702  1  12  1  B
 1.003202693  1  13  1  B
 1.016472118  1  14  1  B
 1.062715371  1  0  1  B
 1.098239475  1  1  1  B
 1.119532947  1  2  1  B
 1.168363309  1  3  1  B
 1.201140573  1  4  1  B
 1.215278118  1  5  1  B
 1.230632682  1  6  1  B
 1.262881290  1  7  1  B
 1.283116998  1  8  1  B
 1.331631003  1  9  1  B
 1.366886733  1  10  1  B
 1.382500201  1  11  1  B
 1.425890521  1  12  1  B
 1.469552976  1  13  1  B
 1.495013140  1  14  1  B
 1.530549330  1  0  1  B
 1.562152040  1  1  1  B
 1.586106192  1  2  1  B
 1.626018312  1  3  1  B
 1.664241959  1  4  1  B
 1.675974961  1  5  1  B
 1.702150937  1  6  1  B
 1.751504755  1  7  1  B
 1.798724152  1  8  1  B
 1.831222058  1  9  1  B
 1.876984840  1  10  1  B
 1.925610808  1  11  1  B
 1.967965251  1  12  1  B
 2.012839881  1  13  1  B
 2.053472316  1  14  1  B
 2.088413217  1  0  1  B
 2.120833376  1  1  1  B
 2.169389558  1  2  1  B
 2.212207637  1  3  1  B
 2.246028947  1  4  1  B
 2.272683109  1  5  1  B
 2.321520934  1  6  1  B
 2.354261627  1  7  1  B
 2.377329315  1  8  1  B
 2.424243005  1  9  1  B
 2.436181137  1  10  1  B
 2.478545537  1  11  1  B
 2.510371939  1  12  1  B
 2.535330857  1  13  1  B
 2.580617777  1  14  1  B
 2.617833346  1  0  1  B
 2.649815915  1  1  1  B
 2.683191357  1  2  1  B
 2.696361834  1  3  1  B
 2.737491791  1  4  1  B
 2.780326282  1  5  1  B
 2.799617536  1  6  1  B
 2.836234248  1  7  1  B
 2.877686136  1  8  1  B
 2.894070266  1  9  1  B
 2.917472271  1  10  1  B
 2.933813058  1  11  1  B
 2.968689457  1  12  1  B
 2.995533373  1  13  1  B
 3.024528944  1  14  1  B
 3.041844995  1  0  1  B
 3.090304817  1  1  1  B
 3.116288247  1  2  1  B
 3.150959755  1  3  1  B
